-19103 3417 -5617 7484 -14436 -324 9606 7820 -5388 -15040 
-32407 5182 5798 7550 4331 -1670 -1034 2527 -5118 -13045 
16199 -4545 2050 -9608 -5251 5358 -806 -7194 4381 21777 
7607 2084 20072 -5792 16397 -17178 -11929 -12696 8876 2844 
-9444 9122 3774 1607 -1555 -13642 -8679 -2700 -10112 3592 
-6655 17415 -29575 -14596 -21648 12052 5234 16410 2866 5316 
18163 -4500 -22 2297 -1114 -3141 -1164 -6319 -17852 3047 
-12467 -15799 9556 9742 19707 -1974 6862 -11530 5863 -19395 
312 2826 -7193 4518 -21744 8748 11111 8075 -16048 922 
7424 7229 -30604 -5071 -453 -815 -6917 4894 14277 5473 
