8407 8525 -9558 -15875 6541 35261 12619 -5562 -4472 -10170 -19024 -13762 5717 22 -15958 -1850 -9583 6330 4731 2993 3467 -2043 5937 4639 16039 
14821 -14259 -6365 20822 -3988 -17216 -10877 -23533 -12894 10427 10834 -9987 12698 9946 -4823 8642 17895 24938 -23286 11686 -36266 8717 16531 28301 -36072 
-21284 2809 -10436 -10147 3634 24999 3995 8969 2137 -17728 3625 -712 -11880 -18653 -6047 6689 6169 17346 -15580 8331 39717 -30755 -13634 -8759 35268 
1686 -12661 -1950 29434 -30439 -10784 -35091 106 -42459 -18840 9691 11069 -24258 -4157 -9226 25379 11256 5281 -27356 29984 18400 -10944 11760 18607 15403 
-5794 -51268 -4466 -6945 41540 -9534 22414 17175 2020 9544 -19055 -18417 20022 -8260 1084 8992 30036 -17951 23689 -13587 -24831 -3480 -7293 -10996 -1518 
15275 -1950 28079 4644 2833 -14512 -17426 18738 34693 15008 2105 25148 21122 630 192 6749 -16051 3311 -11964 1916 -17188 2307 8410 -4308 -6610 
-34558 21560 4447 1537 -19530 -10471 -19121 -5035 -3418 -7897 672 40322 -8097 12122 27398 -12326 -11046 2101 31164 -17389 3224 5204 -14157 -7731 30636 
19656 3467 27088 2140 -14002 -7172 10193 -1410 -8915 -8078 16994 -6536 -14595 -4527 -8669 -3752 -17811 -1841 -5018 3187 -2930 10584 -1372 -10303 -11401 
-4320 -5539 11277 10261 -8578 4425 7156 -1032 -5568 -11693 27013 -16551 22761 -15609 18011 103 11376 -9046 -34451 23924 -13633 -13446 11446 11266 -6429 
1380 -17893 -7151 28690 -25075 -12669 7618 16138 18592 -9144 1223 34 8533 -9852 -12275 9763 -14166 13756 -4647 28507 -8035 -19041 23595 8024 -19523 
-15641 19033 19614 -2231 -24630 -13834 17945 -5171 1807 2144 -1644 6919 -6491 -13845 6453 -14316 6463 9774 13858 3595 -2902 3049 6503 6046 18925 
-5680 -8002 -10872 4473 3319 18354 26852 7761 -9859 -9540 8625 -14471 -5064 8907 13034 -10869 4901 14334 -17056 8472 -27766 6550 5763 30335 -9932 
-9047 -1057 -22498 -1577 -10287 5922 -12966 30864 -522 -1975 -16502 -5105 -14705 8095 6394 -8664 -1112 -14519 8216 3456 16309 21457 -13492 -29049 -5568 
-21463 11421 33450 1547 16364 -16452 31237 -40407 -7971 -12721 22578 -19442 15312 -1077 7467 -3467 -6623 -30940 36625 -10264 -13320 -12755 15106 16507 -267 
-19801 6478 -2009 6497 5766 1229 1248 -18144 1091 -1047 615 23814 -14375 -4147 18853 -7633 -13435 3527 7056 -225 -7746 -80 5579 34350 17012 
-8700 -6630 -5001 1156 -8194 -18329 30162 9402 -4325 -2456 -13717 -33255 34687 -10421 8182 -5312 26317 -41687 22998 -5018 -11514 -15624 14951 -25739 -14661 
-4880 -12641 -18260 12816 27874 -2831 -28135 -14045 8319 -2565 -3114 2180 -3719 18407 -11598 16917 -2602 -3336 2864 15891 2984 2172 4475 -6664 -6728 
-26111 1391 -42061 -11839 -1006 29677 -23947 -28954 993 -7364 -18036 2665 6734 9199 8942 -14995 -18098 -868 55298 -13396 -8551 11087 -13513 -3218 -14978 
-45797 774 -7250 -21097 -4776 17662 -5040 4939 -10606 -42585 -9440 19518 9107 4627 26797 1439 -23980 -38231 44836 14922 17508 14886 -9396 -29838 34242 
-9989 3788 14376 13825 -21445 -6480 -6578 22400 2421 -12899 22882 9612 15425 27411 3895 -6782 -17117 -10742 14206 -5769 -2389 13722 -14425 -15998 -11337 
-2655 -17923 23285 6051 14366 -24942 5387 970 1788 15941 -4353 1245 -20642 -22747 -20539 -14027 35588 11644 -12348 -4882 -20547 -15376 14742 39674 6909 
2930 -13443 -9117 -11918 2298 4941 -17963 -15251 3382 17089 -354 15568 -542 11270 2363 -25686 8717 11067 19117 -33805 -12414 7716 -30368 -14570 -7656 
1596 -24312 1355 -10749 50815 16513 6615 599 -19924 -19943 -14134 -29777 -10507 -22211 -12138 4191 7380 -25121 16511 -7468 -25941 -20477 -3747 24995 -7102 
-34318 9649 32986 32226 17382 -31987 23702 19687 15887 -8938 14330 7141 -858 6499 10712 6160 3309 7414 1820 2902 -15255 -28288 20397 32719 29170 
29976 -5368 9269 -3248 3024 18062 -26209 -1833 -13585 637 14724 8148 -19278 7720 -4092 26731 -20019 8884 -38087 20757 31873 11091 -541 6963 10596 
