70 -95 -70 34 21 90 -21 -9 37 58 -37 94 -63 -70 -98 -69 -93 -23 -97 -3 98 37 -92 8 66 
-32 24 -69 94 42 70 -59 36 -95 -60 17 2 18 81 -18 68 -72 73 -2 37 -68 -87 -89 -96 -96 
39 -51 55 -14 -71 69 70 32 12 12 -92 -42 -16 -35 -63 15 -75 -63 28 17 0 76 96 60 97 
78 65 -31 72 98 25 -21 -17 -41 92 74 30 86 81 -99 -8 -94 41 -44 25 60 15 99 -61 62 
36 -78 49 -57 -82 -21 -87 95 -78 -63 53 28 70 -98 -15 -79 -7 -93 73 -31 -39 -40 -81 35 -40 
-80 24 35 7 37 -2 -12 51 53 -26 55 95 -4 -12 53 26 87 47 58 -72 -22 19 -46 -3 85 
49 98 84 -11 38 -24 61 -75 -25 20 -59 33 61 -18 77 52 31 -47 -57 27 -69 31 44 25 -1 
51 -66 1 34 81 14 13 -26 23 -48 -25 -64 7 43 10 -14 68 69 10 -56 63 51 -43 43 -5 
-42 -45 -90 59 -2 -44 38 0 -16 -93 4 10 56 75 -5 34 -17 -52 -28 -15 76 -75 67 -35 80 
-16 -30 -99 94 -28 47 -53 70 54 51 -13 90 53 83 -69 87 21 24 -12 -34 -67 92 11 31 6 
68 65 41 -10 50 -30 16 -17 66 -11 -92 72 77 -3 -10 -6 77 -70 -16 43 64 -17 47 93 -47 
-10 -16 -40 83 -5 -49 -32 -21 33 18 16 -56 17 3 -53 68 -27 -51 -55 9 -29 -87 -23 -38 -38 
9 12 55 -6 4 -65 29 53 15 99 83 -68 5 -37 80 -76 97 34 -89 72 77 31 -8 -26 23 
77 -96 -91 -65 12 -21 -26 -92 -33 -91 -89 57 -41 54 69 46 -62 -13 -4 -98 -22 -63 85 77 -97 
44 -39 -21 44 66 -38 76 -95 -20 38 -11 87 -34 -38 7 32 7 -81 3 -11 21 -17 79 -53 17 
-44 13 -47 -11 -95 -56 -42 55 23 -77 -12 65 90 -7 -12 -95 -29 -10 -75 -8 -62 -42 7 82 -75 
26 -22 -66 -10 17 33 11 39 -93 99 100 34 -63 7 34 3 -88 96 6 12 -16 -29 -73 16 -27 
-25 -89 -16 -55 -88 56 -10 -51 -57 83 -98 96 2 89 34 51 -69 -84 -92 97 -65 84 -85 -56 -75 
62 -29 64 -72 -75 -91 53 -98 -77 69 -71 63 54 24 -27 82 39 52 -70 -17 6 41 81 65 -16 
29 -21 -88 25 20 -4 -83 -6 -5 15 -20 -51 65 1 100 58 54 11 -58 -35 -21 98 25 -23 97 
-40 66 62 37 18 75 -82 -4 86 93 79 86 37 -17 0 -26 -32 -73 72 -21 -62 -55 82 20 -86 
18 -24 31 -49 -53 71 51 18 -28 -24 -55 -12 100 -15 69 15 -4 -96 41 23 -49 35 -97 -42 -74 
-59 -75 88 18 -64 -73 -81 -68 -5 30 91 24 -95 80 2 -44 -74 -95 20 -93 62 -25 -26 -69 -28 
91 44 -36 57 86 -36 -67 30 33 2 59 39 -29 -83 95 78 -14 -91 -22 -70 -34 -37 99 88 57 
63 -37 -12 -93 19 41 -5 -24 -38 -14 74 -88 -7 39 -88 92 -35 86 98 39 87 33 -12 -26 47 
