-19 -59 75 90 16 -65 89 6 -56 40 -15 -21 45 87 31 -64 63 -91 7 10 -29 -12 81 -91 70 -58 10 91 11 70 7 83 -17 58 65 -93 92 79 -62 46 79 -77 -19 -24 -38 95 -95 -46 -54 88 
91 82 32 20 98 -100 83 83 65 -23 25 7 -34 -58 79 -52 -55 -12 -1 -48 82 -92 -15 -25 85 -86 -41 -93 -73 -19 -29 -26 88 -3 -7 40 -98 -4 97 22 93 98 94 75 -21 71 -6 -40 -19 -45 
-37 64 -23 -6 8 -28 65 81 68 -94 -17 96 3 -72 -71 24 -79 32 79 -91 -89 -41 24 -59 -15 -21 40 -1 -72 26 40 50 70 -27 -29 -4 100 -41 -7 1 -57 6 -23 33 -91 55 36 22 80 18 
91 -79 18 -67 36 59 -21 -60 35 78 -25 -20 21 -15 61 -61 -95 -45 -66 49 45 -46 -84 91 -36 53 -81 -56 65 43 3 -89 -32 46 93 -2 -79 15 4 -66 -7 -21 -50 -50 85 64 -24 69 -45 2 
-44 63 -3 -56 52 -12 14 -32 31 -90 -7 -25 41 -90 64 -56 46 -17 29 -26 -10 -78 -91 -25 -20 -72 48 -75 -44 -26 47 43 70 28 -16 -50 -84 -62 -17 -30 43 -57 -89 -55 88 51 91 -68 30 26 
-57 52 -84 -20 23 -68 34 -93 -48 47 -31 -44 -39 50 -8 -1 -18 -77 31 10 94 1 59 -29 -10 -63 -80 70 43 -72 -75 19 83 -74 96 -29 -35 64 -15 -54 84 -41 -34 -37 99 94 -25 60 -23 -10 
95 -66 -83 -91 94 76 -58 34 31 80 -45 28 27 44 -38 99 -27 100 -90 31 -14 -82 31 -37 -85 15 -57 1 -44 58 34 -80 36 49 88 -68 10 -78 -42 -58 35 -85 50 55 -60 66 75 30 51 -69 
-26 -10 16 -51 -40 -82 65 -95 47 3 61 -5 -18 46 -50 26 -77 -30 -7 86 73 -63 62 23 62 -71 32 3 -27 34 -95 98 -17 -97 -7 57 -25 -57 85 -22 -39 74 -18 59 -60 41 82 29 21 -77 
91 -26 87 67 16 50 10 -24 14 -32 -2 66 -13 -24 59 -24 56 -80 -49 23 -99 -20 35 13 7 -31 19 18 -20 34 -51 35 55 -66 -73 75 57 -45 0 73 -55 14 -48 97 -45 -57 79 -84 -51 -7 
10 47 78 -39 72 49 -49 33 22 -43 98 -38 -41 -36 -63 88 -15 -35 68 -99 35 -20 -95 -51 77 -46 44 74 100 96 -64 88 74 -95 97 63 20 5 66 -81 53 72 10 -52 89 -42 19 -74 22 -64 
51 -49 -5 55 -59 69 -17 -80 -48 18 32 -15 -62 5 -43 51 38 20 -37 56 -39 62 -53 63 86 17 78 -3 -40 66 -23 -47 -34 -9 6 26 -98 67 18 99 -23 -25 20 29 15 73 -49 71 -37 59 
-40 -5 91 -30 -89 95 54 5 68 30 2 65 -76 16 -4 51 -26 79 -32 98 8 2 -32 -84 57 49 52 -100 88 23 17 53 -67 -22 26 41 -71 91 -62 -29 -67 31 -50 71 47 -13 46 27 -34 -4 
-66 -96 -89 -6 10 -84 -62 -96 -81 -97 30 -68 65 -37 95 85 -1 -13 37 91 19 22 -86 -29 -56 3 4 51 4 -100 59 -65 47 -98 68 57 -45 89 -2 79 -49 98 15 22 -55 39 72 -14 -9 -70 
-98 -44 -31 -4 27 -94 -97 89 -47 94 -10 90 -73 24 80 32 27 -25 46 10 -70 56 86 67 -81 -39 31 2 -1 25 77 -7 67 81 10 74 63 -25 7 -71 89 -59 33 19 -92 28 6 -64 85 3 
25 55 10 -24 45 -100 98 71 57 56 2 -49 54 11 -94 -15 -54 -27 97 -60 -51 -3 23 59 -82 -32 65 94 20 40 -19 69 84 -22 -46 3 -39 24 -83 -29 48 -98 44 45 -16 80 -21 21 -36 26 
-9 46 98 -73 90 44 -10 -19 90 65 -59 90 -70 13 10 -80 -25 55 25 28 -34 -10 30 49 34 -78 86 -4 -94 54 -42 -28 -67 -64 -64 9 -35 35 40 49 -3 63 -30 -97 -93 61 -58 -20 71 -17 
-65 -23 -59 -67 -65 -10 -89 38 -37 18 -90 42 93 20 68 -25 -82 30 -40 78 -36 7 62 -12 -45 30 -31 67 -79 -64 81 -84 -23 2 17 -56 60 33 -40 -63 -91 84 -26 22 20 -46 -66 100 76 49 
-16 -14 -53 51 -11 81 20 -51 -72 38 -2 89 -38 58 -7 32 -67 30 65 12 90 -69 -99 33 -72 -51 91 28 19 32 76 99 55 -5 13 3 -33 -14 -73 16 -83 -15 28 -17 -40 93 -91 -73 40 -65 
-14 74 -35 5 72 -14 -81 -6 -96 3 -24 35 98 70 69 21 -16 20 38 54 -85 -20 -93 -24 -54 83 -43 33 -39 -94 -6 -78 75 9 35 -61 27 76 -73 9 -16 -41 7 94 -71 -99 -27 -85 -55 3 
11 -58 79 -72 43 15 -97 8 -46 -54 73 -40 -3 66 80 12 -48 50 -77 81 -13 97 93 -4 -60 -96 -6 68 39 -23 -73 -77 91 47 -93 84 -33 -92 69 -8 49 54 -2 -57 88 -38 -69 94 74 -84 
4 -34 -86 69 -38 96 12 -47 -73 27 57 58 38 -34 -88 6 -77 62 -77 4 -100 81 -47 -90 57 16 -49 39 -91 39 90 -9 40 14 -51 -31 83 -34 45 9 -92 94 40 -58 -3 -95 -38 60 33 25 
43 67 -65 91 11 56 0 28 15 -48 64 -6 -96 -76 -36 -83 85 -77 59 -99 -57 -20 91 -52 -75 -70 -1 66 3 -6 -63 -73 24 -32 77 -56 76 -34 50 79 -51 77 -3 -73 40 98 -73 28 -18 35 
-53 -88 -5 -76 -40 90 81 2 7 -70 3 -99 3 25 94 36 -48 77 30 -47 86 67 85 -63 11 -97 -17 35 62 -48 13 -43 37 -57 85 -5 -31 4 -17 40 25 -67 -78 37 69 -94 44 -17 65 -30 
-3 42 -9 -38 7 51 76 88 -61 -34 -31 86 97 -99 66 88 -14 47 -89 78 -40 20 58 7 11 -44 -54 -78 72 35 75 35 49 42 46 -36 -30 19 60 58 -62 -37 38 -43 73 12 -10 -30 -62 11 
4 -98 98 -46 100 54 -10 -83 37 76 63 -37 73 75 -33 52 -87 81 -19 16 86 23 19 -20 74 88 -13 12 -36 -90 -22 1 81 100 90 -77 72 -2 -4 29 -6 -43 -21 -62 -34 63 20 -4 -55 27 
-36 63 -56 57 61 -27 -91 54 -22 -40 -89 88 -28 -42 -20 -93 -93 20 89 47 78 91 -25 36 -18 32 -37 77 2 63 -24 30 -13 47 57 21 31 68 48 -96 29 30 -42 5 80 68 10 75 98 25 
36 70 -99 -6 23 -35 17 -45 -10 34 -42 59 -93 -23 -80 -47 66 -79 -33 -93 39 24 87 -72 36 -60 -24 25 81 -18 -50 16 67 56 -6 -19 -65 0 88 -17 2 50 26 -90 37 46 -4 -4 -43 16 
-14 -65 23 77 90 -81 -56 -54 -32 60 -89 -46 -71 -44 -54 -45 64 74 -74 -32 64 49 -74 -52 -84 -80 48 -95 70 -4 -14 43 12 -59 22 20 -63 -32 91 -62 80 94 40 -78 -26 -33 -36 -15 58 37 
-37 46 20 40 -52 49 -86 1 -25 6 57 52 18 18 -9 17 -3 -56 21 -47 -35 -48 -69 -18 85 -34 -62 -49 65 34 -70 -97 99 59 91 -43 -37 16 7 -88 83 85 -61 -30 38 -28 61 -7 -91 -92 
25 -85 -54 71 -24 -71 61 -59 -2 93 92 -99 -25 -27 -33 -47 46 -47 61 -8 95 -16 -82 42 -14 -68 55 81 -2 18 -35 85 -15 -53 25 33 85 -47 -19 -18 -52 -49 75 -40 -3 -90 -10 74 -28 -28 
-71 -65 77 7 -10 33 72 -90 -93 -71 -20 81 81 75 33 -24 -60 5 0 13 -50 5 -99 -84 -67 30 18 -58 41 80 -47 56 -51 31 -23 -81 12 -41 -69 69 31 -35 -54 -10 97 -27 47 -68 100 -72 
-27 31 -17 -78 -11 -78 33 -7 -70 61 95 -70 49 -63 -4 81 -75 -68 13 24 49 -61 -97 -59 25 84 81 -62 35 -37 75 93 80 97 -99 -11 -3 -37 -95 76 21 23 -4 29 17 -24 -51 44 -49 -99 
-43 -93 7 -12 75 75 90 92 -61 5 35 -56 86 -38 -62 -46 81 39 30 44 -61 -20 74 -92 93 -6 -16 -8 38 -84 -84 88 -84 45 28 -63 -72 50 -39 36 38 -90 30 7 -7 -39 -79 -5 88 46 
-41 -31 88 -65 -8 -62 74 -82 -6 -44 81 -20 -31 -13 70 36 61 -44 -61 92 -77 10 -73 53 -70 -7 81 18 -34 -37 -54 -30 70 47 50 -100 -17 -49 25 -58 -4 0 -38 54 -24 -99 76 -28 12 -40 
-21 -72 -59 75 67 -28 55 39 81 32 22 -29 -5 9 -52 0 75 32 -30 77 56 -49 -22 -70 -9 46 84 -49 -39 -40 -6 59 -71 16 41 -83 8 -46 63 61 -49 -13 88 -23 -96 -76 -52 69 -64 27 
-8 40 -24 -90 95 -13 57 9 66 -7 30 -31 53 55 -19 -38 39 -12 35 86 -64 32 97 29 93 -12 34 -79 -82 90 4 -29 -40 7 48 -23 22 -100 -29 -73 -91 -15 92 -18 -27 -7 72 -81 54 85 
98 -82 -29 -25 11 52 24 70 44 -63 60 -4 -81 -84 -10 -59 66 -84 30 -42 4 2 -98 19 -10 -13 87 -40 -37 66 54 73 -81 63 92 18 37 -56 12 1 -82 -72 -3 35 -30 -87 -50 98 -32 45 
-66 -32 -62 43 -67 11 97 -91 -5 100 83 33 10 -100 92 -46 -83 88 -71 -31 -52 98 34 -78 -48 -60 31 -73 90 19 -27 26 68 -5 60 53 -22 -12 67 -37 76 -99 -31 -34 66 47 -63 44 33 59 
55 -68 9 -100 -4 -78 45 -8 -21 -95 -76 88 -53 -37 -56 7 -64 92 47 21 -6 58 -18 29 -93 -95 53 -8 74 -61 24 -35 -5 10 29 84 76 86 26 -20 -47 78 29 26 -52 -36 35 84 -71 66 
36 -66 -42 -48 -100 53 50 -26 99 12 28 79 54 -15 -77 -65 28 82 -81 16 64 57 -31 100 13 33 89 -83 82 52 46 5 -10 -94 72 -70 25 -61 19 84 58 -46 -78 -6 8 43 83 80 -91 -51 
-45 97 96 82 54 70 29 -63 -19 80 -51 -98 88 -43 16 80 -96 57 -61 94 -97 -50 16 33 13 15 95 -35 27 65 39 68 15 -35 -21 -85 -45 76 -64 -45 -23 64 91 -71 40 68 -70 97 74 86 
15 -96 20 15 77 -22 -99 26 -13 -81 -21 88 46 -16 45 -61 23 -89 48 89 87 -3 77 38 90 32 -88 19 78 -65 -70 -64 -34 -49 46 15 -3 -32 -34 2 82 17 -100 57 42 -51 -35 -83 54 98 
-71 69 -20 -34 70 71 95 61 -97 17 13 -100 97 -95 89 -16 68 -27 -82 44 -91 -33 -71 88 94 -2 -18 41 -83 10 14 -96 -70 -76 -98 97 -79 -22 70 -95 -100 -77 -80 47 93 47 -65 -35 88 6 
89 74 22 -44 -94 30 -31 6 49 30 -3 41 -66 75 -77 -42 -40 64 -45 -89 -99 98 -78 100 -8 76 -55 -47 10 85 69 -92 2 86 42 78 -78 95 30 -87 -15 7 62 -40 -7 73 42 23 55 -13 
-19 -34 -90 92 -28 49 11 -51 -12 -21 36 93 47 -88 -39 -85 13 20 11 -26 -58 -77 31 82 93 -34 -89 84 -69 19 -51 -5 5 -74 -74 -11 -39 48 100 -27 98 43 73 -92 86 -95 -20 -51 -1 -80 
33 71 -52 12 38 -75 -12 -66 -100 -45 -46 -83 8 -20 -33 42 34 91 63 -75 51 -9 -8 11 -3 70 55 66 99 -99 -44 -5 -63 75 -100 76 20 -15 10 -22 28 29 39 78 76 -6 -57 -84 -76 2 
-93 23 -51 -21 50 -29 -84 -71 73 0 -4 13 -48 -5 22 -63 88 39 -100 24 -27 30 65 80 -21 64 52 -51 62 47 3 -58 43 53 80 96 66 6 14 45 -5 0 54 -19 -97 -37 39 5 97 9 
-35 95 -60 27 -13 -57 -38 26 -77 -23 56 43 -49 97 -71 -92 65 -93 7 64 49 -71 98 43 4 41 55 27 18 6 78 -13 -8 87 99 86 -48 92 -78 -7 6 -91 -59 -55 54 -21 -33 9 -33 -20 
-54 -98 -94 -1 -33 84 -79 -97 82 -52 -34 -37 -56 -51 67 7 86 -5 -44 -10 96 38 -54 -26 68 -8 44 33 -30 -96 -34 97 59 -74 78 -36 72 88 55 48 79 -16 67 34 -37 76 -67 74 14 -67 
-14 -47 -1 1 48 -84 -42 -20 -7 -55 40 -25 18 -9 37 -24 12 63 56 -71 -16 -39 59 80 46 -82 61 -22 36 -87 -71 92 -80 -60 -76 36 78 66 36 85 22 63 32 -9 17 -34 15 -80 -69 57 
