-45 -94 -30 87 -48 -33 44 -15 -43 27 2 10 -99 13 29 72 -70 69 99 -10 97 -64 -53 50 41 
55 100 -9 25 -71 -89 -79 -21 -3 41 -51 99 17 49 -51 25 36 59 22 -62 63 -66 -17 -35 86 
-72 -32 55 -74 54 39 -39 73 -60 -62 -42 14 -63 -72 25 14 38 23 -5 -1 -17 2 -42 5 94 
-67 -36 0 87 2 -58 99 60 2 -63 26 -64 -49 -83 -25 -42 75 71 -97 99 -97 -64 4 83 -59 
57 97 95 84 -52 -89 -72 -71 -45 26 68 94 -93 50 -7 34 -33 80 -55 -8 -76 76 95 100 -3 
69 -42 65 -64 -31 7 -18 -62 9 68 5 -3 11 -84 -70 -62 53 99 -92 -31 26 -17 10 15 73 
15 29 -95 2 -41 38 -81 -72 37 17 -4 100 -67 -18 69 -32 -57 20 -58 -6 88 -57 -20 -74 56 
1 -67 -89 91 0 -64 -13 84 70 23 -40 -57 46 -4 -75 95 91 94 -51 63 7 -90 62 -32 -57 
96 79 83 -2 -85 56 66 48 45 80 45 -35 -74 5 -10 -76 -58 56 -97 -37 29 -29 14 81 -67 
-80 -62 -96 -27 54 93 -82 6 36 -54 -2 70 -81 76 -91 -37 5 57 51 41 9 80 -85 -24 11 
63 -98 2 79 44 -66 -29 82 -20 29 -52 -15 -72 -64 70 54 -29 -91 -79 34 19 -70 94 41 34 
-49 -1 23 20 5 -59 -44 -40 79 37 -81 64 92 -53 35 32 -32 -38 84 36 -49 -33 85 50 19 
-2 -75 86 -20 -89 -8 -77 57 -77 -35 91 52 39 47 32 -82 91 -77 -56 3 -60 88 -70 -98 -14 
17 -87 -26 100 -90 -28 -67 -82 -35 -18 68 -52 -60 -99 -24 88 -53 46 21 75 25 -92 10 16 -96 
-97 61 99 17 51 -64 -79 -17 68 16 88 2 28 71 3 -99 32 -57 68 -70 -41 17 -96 -55 -70 
-51 64 57 -7 38 60 -23 49 62 -67 47 83 31 79 70 -4 -75 83 -89 75 -54 27 48 93 77 
19 -89 -28 -9 -91 -43 99 41 98 85 -53 36 31 -69 53 -24 -89 40 67 14 -24 95 21 -19 -25 
33 38 56 -27 -53 -5 -60 28 -12 -21 35 -3 47 67 -23 32 -34 -77 -61 74 68 96 0 -96 -66 
59 -60 60 36 92 -58 -47 -56 84 99 82 62 -81 -19 -100 30 36 93 -89 24 6 -8 -67 71 -74 
-73 64 -96 42 -73 20 -27 -12 36 83 -6 -31 -67 -27 86 6 0 79 -61 96 69 73 15 64 -63 
50 81 93 -98 50 52 -14 13 -41 -70 -12 -73 28 -28 -88 -53 82 -51 -85 61 3 25 -3 -25 55 
63 95 -44 57 -72 -75 -82 53 -27 -40 -90 57 -68 8 -46 30 -96 -77 100 -59 98 -64 8 -85 -3 
-83 11 34 43 -48 -89 48 23 -50 -27 18 -44 -22 -100 8 20 80 -67 -50 50 93 -80 82 65 57 
-100 46 85 2 58 -42 98 29 67 -96 31 -52 -2 -71 -2 6 12 -45 8 98 10 -55 52 -90 97 
-46 -27 26 5 -20 98 -76 72 64 -20 92 73 67 17 52 79 -70 54 -78 61 69 -8 -77 -51 64 
