-64 23 45 32 6 -73 -39 -19 -41 86 -89 72 71 -60 -93 -92 -82 51 91 -39 20 6 -56 3 -91 50 -83 3 23 -62 -43 44 14 -90 83 73 -79 -2 48 73 35 -20 87 -71 -64 -42 25 -94 38 -34 10 73 35 72 -12 -12 -55 -96 52 95 -48 -77 -41 3 -25 -10 -67 60 -92 25 50 -66 -88 38 -64 70 87 -76 -6 93 38 45 18 19 -84 -82 -74 3 59 95 44 -47 -40 95 -92 -88 -18 35 -93 38 
-33 50 -67 93 64 -50 -71 32 -38 -73 -48 59 1 -100 -6 -25 38 -24 -63 -52 83 -20 43 -74 -97 13 67 32 -94 -89 47 7 -42 90 -45 29 -67 4 -13 -83 65 -90 83 -98 38 13 -51 49 97 -95 -98 -48 25 67 37 -20 16 82 -44 -27 -11 76 0 -100 -8 -40 -81 -70 93 38 30 87 -22 20 -80 32 47 0 16 60 -60 75 56 -65 57 -25 -29 31 -42 12 -47 76 -38 -85 -33 -53 59 13 70 -19 
-73 76 34 -66 -16 -75 76 33 -84 -55 -84 68 74 76 -32 -35 -30 -94 61 -91 93 -1 75 14 -80 91 54 -29 33 67 85 -32 25 63 65 -68 12 -32 -60 87 -28 20 35 35 -50 -42 69 -29 62 91 -74 83 -77 -3 82 -48 -81 -24 -87 72 49 23 -77 -58 76 -3 97 -37 -78 -27 -61 3 -52 -24 51 79 -50 -95 67 -81 11 96 -92 -73 -98 -54 -61 -77 92 8 -6 52 -82 -34 -38 66 -85 -74 53 79 
72 25 -89 60 -96 58 -89 22 71 -74 -52 -31 25 -49 4 51 -83 44 74 79 -62 -53 83 -44 -11 -72 -33 -86 -90 -42 29 62 -59 43 14 40 -6 -44 -7 29 -35 -39 -76 -12 10 -44 100 -68 50 -81 14 -100 -37 8 12 67 -72 -11 29 -50 99 -57 24 -64 40 56 -48 20 -57 -13 -80 -28 63 -82 -41 39 81 -55 12 -26 -30 78 -2 -6 -87 86 93 -30 7 54 77 71 43 -79 4 -62 -58 66 -67 34 
-33 12 55 -48 19 -1 -72 -16 52 22 -72 75 -53 81 -38 95 -85 11 -4 11 -9 -62 -94 100 86 -5 -29 79 86 -84 45 -81 31 -5 -19 83 59 16 -83 33 39 70 -46 -84 -83 56 31 -82 -70 98 -2 -78 80 -47 53 49 81 33 -52 63 79 -65 85 -12 8 -2 74 19 19 -28 -61 -29 72 43 -97 92 -86 -9 32 22 -85 85 25 20 86 -49 -25 -63 22 89 88 67 -28 -92 34 -70 35 -44 49 34 
93 -28 -84 65 20 88 48 71 -9 32 22 -30 -87 83 76 89 -5 -52 46 98 29 13 -30 99 -38 99 -5 24 -75 71 -4 -93 -2 100 -30 -27 30 66 -8 -42 -28 -93 43 67 96 -65 -51 -89 34 -56 0 78 -40 -57 4 98 59 56 9 -85 -12 -68 -78 -100 93 18 -6 82 -3 49 0 -55 -82 83 -63 27 73 7 92 34 -22 76 -90 -95 -61 -67 5 -55 -79 -63 59 64 -16 54 83 -10 -52 -27 -76 59 
83 62 -44 -7 -78 -27 55 -10 -69 45 100 22 75 -39 -34 7 79 97 -57 96 72 33 -62 91 -24 42 64 0 33 -3 -56 60 -16 79 76 -93 -17 -42 18 78 87 81 -23 -58 -3 -4 2 -80 -89 -41 -61 35 76 12 64 29 30 -52 65 -39 -66 -91 77 49 52 39 14 51 -38 -74 71 -60 -71 -70 -18 -69 5 -5 -16 -5 -80 84 82 97 52 88 -91 31 -97 -43 76 -34 15 -42 58 -93 -26 80 89 -78 
-93 67 -55 54 7 -89 -47 82 -56 96 61 36 98 -29 41 -94 37 -9 -51 -91 -56 -2 97 36 50 -40 -11 32 54 41 19 -53 -14 28 79 -32 74 90 -84 95 75 -75 -42 26 83 34 -75 -64 2 -23 95 -7 -66 -72 -7 58 -58 -26 29 -61 88 62 -69 -7 -7 -86 66 26 74 -6 93 -58 -77 -48 -79 10 99 -23 8 -67 57 38 -64 -35 -78 -47 -68 -89 -40 42 -5 84 -16 -30 -32 -35 -82 -85 67 -85 
-26 -95 -55 3 56 -67 -41 58 41 38 -78 66 -11 63 54 77 -83 26 -52 35 35 -7 64 -64 -15 -44 44 -27 60 11 1 -4 -60 47 73 3 95 38 -6 57 -43 63 97 -42 92 -94 89 -67 -82 46 70 -29 11 -70 80 -78 -65 -74 -56 54 -1 100 -74 -26 43 62 76 -74 -45 -23 91 -34 71 70 15 69 48 -80 79 49 44 -93 54 38 -13 22 12 74 -28 -6 -96 23 52 29 -84 -92 -18 65 -82 87 
85 -16 95 -86 -81 3 94 -95 95 -3 -34 -96 -64 -77 -17 5 67 -36 -81 34 -23 0 -27 -68 -91 83 4 -92 -74 90 38 -47 49 -53 28 93 -4 -27 25 54 81 90 50 66 -98 11 28 -21 61 70 -81 -100 88 43 -88 -71 -70 85 17 42 -51 43 -24 -80 75 -36 -90 68 52 -71 -48 88 73 26 88 27 -8 -20 -22 91 -46 1 79 -99 71 19 -3 -22 -37 16 -49 -76 43 57 39 -35 -71 16 22 24 
-14 91 -63 15 14 -38 -58 -13 -2 40 -18 -76 9 47 59 -58 -47 80 -4 -94 -64 14 -7 -8 -29 1 25 -8 -26 28 -58 -90 -16 -48 74 67 -91 -27 -4 -13 68 68 62 -40 -74 72 -68 79 22 -52 -29 -79 -41 -84 43 17 10 92 73 -94 -88 51 28 -7 -60 -68 52 59 37 91 97 -23 95 84 22 -32 -86 14 3 -14 -4 -85 62 91 -63 75 -70 58 -2 -47 6 60 47 23 -13 85 -14 16 49 -69 
50 -97 33 47 -23 -74 36 84 -79 -43 67 42 89 36 -84 -85 -4 -92 27 -44 7 -34 32 78 -66 -73 54 20 -82 -25 59 45 15 55 -41 34 -31 -47 48 -59 56 -70 -78 -9 70 -92 -66 -91 -86 75 19 64 -71 8 -82 -89 30 -38 38 53 -54 33 -11 55 -97 -31 -78 81 -4 49 -28 -11 -87 70 15 -76 76 -26 14 11 -87 -73 95 -18 -26 2 76 46 38 8 -79 -62 92 -77 69 41 56 -55 86 58 
-9 31 -83 -5 -9 -77 -72 65 -52 -10 88 32 -54 -62 -62 86 11 -52 -60 -18 7 -99 -76 -59 17 -8 -50 4 82 -36 -97 -22 41 -16 22 70 -66 42 73 41 69 76 -60 -3 32 15 -4 -52 -100 12 46 42 33 -42 -28 -17 -6 -70 3 -34 -56 85 45 -56 92 61 -74 -35 51 -54 -42 -59 64 26 -12 -49 72 -55 7 28 -29 22 -62 86 -100 -23 -94 85 74 -86 -47 69 85 -81 82 42 -19 68 32 48 
34 32 70 -67 77 54 56 36 88 27 55 53 95 -16 18 -33 -31 -95 23 8 -52 32 -11 47 6 13 -54 52 -40 62 -14 2 -100 -52 53 -58 5 -84 -71 -61 57 59 -100 -32 71 2 -56 -4 -70 89 -62 -23 -36 69 -83 13 28 34 45 54 -7 44 -67 -24 -74 32 -9 -74 76 98 -57 12 87 -18 92 -78 6 -25 -74 3 -69 -89 -2 -18 3 -92 72 73 -30 -23 12 37 15 63 -7 -97 -77 -95 79 -36 
-80 -99 95 -77 12 26 57 -24 56 20 89 -76 -31 51 -72 16 64 24 -69 -40 95 -29 20 65 59 45 -41 -43 -46 -86 86 -4 57 -90 89 -4 30 -50 9 17 -37 -94 -25 73 58 59 62 65 68 -62 -18 8 88 34 -73 4 -53 -51 -13 98 99 47 -70 78 74 -100 -52 -51 91 36 -81 -86 -81 18 -95 15 -78 35 1 90 -82 37 83 75 17 -85 -94 -56 89 70 27 -89 -37 -32 66 -28 -63 -55 -79 11 
-26 -59 15 -81 42 92 1 -39 -10 -33 2 -31 21 75 -79 -80 45 3 64 20 -52 92 88 -34 -49 55 69 21 63 -81 60 -83 -68 76 -16 -45 -65 23 58 2 -96 90 81 -26 -70 -69 -58 -4 -75 -26 32 68 53 90 64 71 -83 13 -62 26 -14 33 89 -73 5 35 -47 72 53 -23 -20 -72 59 46 -65 -52 66 -25 87 18 68 -24 9 47 -96 74 -29 25 28 49 98 -51 48 -74 32 11 -20 32 -37 91 
-9 97 -79 58 -53 -11 -36 50 -45 20 33 -71 29 59 -10 -96 43 2 -42 66 -94 16 -46 64 -92 8 -47 25 -20 14 81 33 -15 95 -68 -75 -36 69 -100 -85 14 9 17 48 -82 -32 67 -60 -7 61 -88 -43 -25 45 -86 -23 88 45 -40 44 25 20 26 -88 14 81 61 18 38 13 -3 -35 69 81 63 -26 -33 78 -52 -16 -19 16 1 -14 -49 38 6 -75 11 -58 43 50 70 -79 87 71 -50 53 -53 84 
-35 1 -52 99 -70 -71 -73 -64 -5 -29 -31 -77 51 -82 21 -39 98 -38 54 84 21 -35 -23 17 92 -100 33 -54 -53 -18 -53 -55 -48 1 93 -77 -5 -46 -49 -5 -89 -3 16 23 -95 20 -16 32 34 -50 90 -2 55 4 -81 -37 -11 31 -32 34 -12 -60 17 93 80 -2 -53 77 99 60 -29 23 39 -74 98 -13 18 3 -57 -4 98 -27 23 -44 -59 99 -72 25 -78 -10 -86 26 86 -76 -88 60 -64 31 -51 36 
21 98 4 87 -65 -42 -14 7 96 20 -76 -54 -65 100 64 -25 44 49 -94 13 66 -40 -42 -22 3 7 -5 -28 -22 -81 -46 56 -78 -94 51 5 -38 -17 54 45 -20 100 -82 -77 49 12 -88 64 46 28 -91 -71 -44 46 -65 15 12 -44 -87 2 76 30 68 21 -86 25 43 -41 75 94 -66 89 8 -89 79 51 16 93 1 -19 13 -85 -52 -22 70 -30 82 -59 -21 -57 4 -90 62 74 66 -22 68 -83 13 77 
68 63 -74 -47 -89 -68 -42 -77 -8 26 -70 78 -27 76 -94 -57 67 -58 -14 -11 -16 70 53 -59 1 51 91 -1 89 55 98 -61 -76 -34 74 98 -100 14 32 45 -41 87 -21 -73 -41 -53 28 -34 -56 66 39 30 -37 -27 5 26 -66 61 36 -42 -9 -49 -65 -43 1 29 -7 -34 -56 -72 26 45 -13 -21 -16 87 74 5 18 85 -13 92 -66 -17 25 84 77 82 -47 -98 -6 45 -28 81 44 76 83 -4 -53 48 
66 50 -82 -70 -57 51 -57 -74 -40 -54 68 29 33 59 91 52 -51 6 31 3 -98 79 -34 -49 70 36 -55 21 68 59 40 -51 95 -44 25 33 -39 -45 -1 38 -84 -58 -40 -42 53 -9 36 52 94 13 2 6 77 53 29 84 14 -73 0 51 -47 -78 -79 17 70 77 70 -78 -76 -42 -66 -100 84 95 -56 -76 0 -75 43 83 54 -5 42 75 1 53 -48 56 -66 -19 71 -68 99 -60 81 71 -68 -77 95 -36 
-31 62 16 100 37 -38 63 21 -48 66 -79 17 31 -81 -71 -35 63 -33 -31 74 -91 -18 57 -24 5 -58 89 -44 36 8 -96 -51 65 15 -85 -83 -43 89 5 -78 -33 -60 28 -69 -17 -80 61 -71 53 -91 73 -34 -91 -54 17 -18 94 -6 -31 70 -40 32 80 79 76 -66 67 -79 -64 -89 5 81 21 84 53 55 43 -39 74 -24 39 -72 -12 -74 -45 43 7 -89 32 -23 62 -40 -50 -47 51 78 -90 -62 93 -53 
-44 -80 89 32 38 -30 4 -32 -7 8 -21 -57 -7 -1 42 33 47 70 -45 90 11 -12 -22 41 -68 4 100 18 47 98 26 28 -5 -99 38 6 -19 100 -59 26 -35 -37 82 -38 48 -1 61 -49 -64 88 -47 -35 -14 -83 59 38 -38 19 -54 -82 10 26 -22 2 -4 0 60 69 39 -66 10 -8 54 85 3 59 37 16 73 55 9 -84 -61 10 35 94 -35 31 13 62 38 -31 -37 -63 -85 16 -87 91 -21 -83 
54 -17 67 90 -24 -43 98 -88 30 -66 -45 93 43 71 54 -27 -73 41 -26 85 -6 -92 -22 48 4 -47 -44 -12 58 74 65 9 97 96 37 -25 56 66 47 -89 -73 -10 -39 -13 -34 42 66 -13 -74 -55 51 -99 76 -96 43 70 96 63 -65 -12 -16 -67 96 65 34 -98 -8 37 55 -36 -87 -25 25 68 29 -41 -64 61 10 -98 -70 3 0 -53 -42 11 92 98 -50 -29 -9 -89 2 -84 -35 58 41 -46 43 13 
86 -94 -3 48 66 63 -73 34 -3 32 77 69 11 -79 -59 -61 -60 -88 39 71 -31 -39 75 -33 -99 60 -43 -10 -11 43 21 26 -74 -93 -40 -58 39 -32 -40 58 -1 -55 -83 -18 33 -72 93 -46 50 -41 -35 41 51 73 50 66 -9 75 -19 -32 93 -91 -16 29 37 61 44 14 -28 39 20 87 98 -88 -6 -5 49 31 -22 27 18 -15 -66 -30 -84 78 -99 6 -30 77 95 -44 37 -25 53 13 -57 -98 -11 77 
-68 86 -77 6 -100 -66 85 -72 4 98 98 -48 -30 -68 26 22 -59 59 -33 -76 49 -5 49 73 -54 22 -44 79 -32 -10 68 -40 -31 -70 83 -94 93 -40 -80 -73 -97 -64 98 2 71 -85 68 -25 -98 15 -60 -54 -16 -33 0 51 95 -25 -1 -46 43 -44 -87 18 -75 -47 -73 -46 11 1 -65 -70 -27 98 -90 -19 12 53 59 -25 75 -61 75 -17 -29 51 98 -87 -54 -28 -41 85 11 -29 20 -15 88 14 49 19 
4 53 93 -54 -12 -14 -36 60 36 80 81 -86 -26 -53 -99 61 -47 -49 31 87 49 -49 31 67 26 -50 -95 27 29 28 -83 -87 -90 69 -99 -54 -13 52 49 2 89 -21 -26 78 59 -88 42 58 -41 43 72 -88 18 -99 -90 -16 -30 -90 19 -63 -91 -65 46 -25 -28 37 58 -52 -21 28 89 69 98 -23 64 -23 -61 -96 -57 35 62 7 -7 59 -95 -26 -49 -4 -41 -54 -78 29 -31 -31 -69 87 62 41 93 -42 
36 -52 41 -95 63 -71 -73 -86 -64 -76 46 -77 60 85 32 -51 41 -83 64 -77 45 59 -23 28 -22 100 -29 44 25 45 -92 8 -33 87 -41 -92 -83 -94 47 -43 64 -89 -43 24 40 58 -94 71 67 11 -68 -70 69 -7 58 9 40 36 -61 -99 64 43 -88 -29 -22 92 -45 -45 93 94 42 -58 -55 -7 -4 -73 24 -70 -76 62 -29 -80 -5 -68 -21 29 89 5 79 79 -62 63 54 -81 -38 51 -37 74 -1 45 
-7 24 -46 -11 -100 39 -17 -84 62 93 36 -27 -26 -94 3 -40 95 90 -87 -76 52 -100 -81 30 -20 12 -60 60 -8 88 -23 31 92 72 -35 -15 -19 -43 -20 41 60 -50 31 32 -100 -82 14 0 83 -32 57 -68 -79 -33 48 -4 11 94 -95 84 64 18 -50 44 89 -4 -35 78 -32 -28 -57 8 85 -40 -71 -3 6 -51 -97 92 73 -47 -11 21 42 -97 81 78 -10 50 -51 9 97 35 -65 30 9 24 -90 42 
92 -48 -19 -70 52 60 -61 -29 -36 -77 -59 -89 83 83 -83 82 -56 7 84 49 -60 47 87 -39 94 45 26 98 34 -99 -25 -42 -81 37 -28 -61 91 -58 -70 66 29 -58 34 52 58 -17 64 -96 73 -68 -36 -53 -42 11 -23 -27 88 -76 67 -66 89 12 13 2 10 -19 78 60 70 -59 -85 -86 -25 -82 -13 -98 50 -99 27 35 56 -24 -70 -86 54 -83 -84 -93 93 -4 -43 52 -13 -46 -74 -1 38 -30 -44 -40 
-26 -18 24 -2 -32 74 41 60 -20 -74 -71 -98 47 80 -2 95 45 82 -68 -17 96 -15 40 92 7 -67 77 79 21 -80 -81 94 -36 -76 67 46 50 81 -14 6 80 77 -55 -80 -5 44 3 100 65 -99 10 58 51 -19 -59 -58 96 -40 100 55 -70 -91 24 34 -89 -44 12 -95 38 -31 -9 45 40 -82 -8 -89 -47 -12 72 66 -77 57 71 70 74 53 -43 55 37 80 59 27 -59 -43 -35 98 -11 50 84 -59 
-34 92 -21 -65 -74 -36 -35 -2 81 55 43 14 -38 64 -91 94 -44 65 -32 22 95 15 -14 -45 -82 -57 -31 21 -10 -37 54 57 -57 37 -88 85 4 -40 29 -66 52 62 -6 64 -39 -16 -15 92 -20 -13 4 33 -59 67 45 -16 75 26 -7 38 45 18 98 -16 23 39 42 69 -53 -83 23 9 58 83 52 47 -100 -57 15 57 -82 -66 -98 -20 -34 87 93 1 26 40 -71 -59 29 -95 -7 17 62 98 28 73 
30 99 -21 -2 -14 10 72 -64 50 -18 72 -27 -34 42 -67 1 -57 -2 -49 -65 -2 -57 -55 41 75 -83 -20 -12 -99 43 84 60 57 -56 55 12 -88 -78 38 78 22 -31 25 -46 -22 -36 24 19 -46 -96 91 19 -20 -83 -69 76 -19 59 25 18 -82 48 -58 -5 -90 1 42 80 -39 3 -67 -79 100 64 92 -96 60 -45 -78 -50 76 67 -35 13 58 -68 95 36 14 8 -46 -59 68 -97 50 -34 -96 -77 -36 3 
42 -13 -53 26 -33 -98 50 -47 -44 99 -62 -51 -36 -81 82 85 16 8 63 -10 2 -51 -80 -77 50 64 60 -49 -23 11 60 -38 4 3 19 66 8 -20 62 74 52 -53 -67 -46 29 -31 97 -98 71 42 -36 16 -46 -57 -33 -38 -99 -2 -27 -22 46 49 -30 64 95 -51 53 79 -33 -23 5 80 -24 93 46 -8 24 58 15 36 -60 73 -6 -58 74 72 69 -20 -8 -45 -59 -35 -99 58 -59 -37 -41 -9 -44 51 
91 -18 -19 37 19 -20 79 52 80 -79 46 92 7 -98 -9 -81 -42 -74 -35 4 89 53 -12 51 -73 41 -31 -97 55 20 13 40 34 -65 49 -47 -37 90 -68 3 -27 22 -17 39 -8 -36 81 60 -99 81 -20 -28 1 6 -29 62 94 -78 100 -74 -62 -29 -17 -82 83 100 36 -18 -73 -57 -45 -59 -88 65 -24 39 -80 -56 71 29 -23 100 -53 -6 23 -69 -13 -68 8 84 -42 -91 -97 78 -20 29 1 -37 -46 3 
92 46 -99 -4 -99 -43 -47 -68 -63 6 -11 -60 9 69 36 -11 -52 -64 44 7 39 69 33 99 -47 -13 -76 -62 -43 -36 40 -30 20 -11 -84 -10 -51 44 100 -87 -60 20 60 -81 36 -56 90 36 8 21 55 -75 59 -17 83 64 -8 -40 -96 12 28 2 20 0 -37 -57 13 -15 -33 -85 17 16 15 -37 -66 6 11 76 -41 -22 -46 -60 34 68 80 -74 93 -19 18 48 -75 -90 -26 68 -25 -75 10 71 59 96 
91 -57 -62 -66 28 -62 -22 32 -26 -50 3 -83 -32 -63 -16 68 -54 -34 -28 72 -14 -57 17 48 -16 -89 79 58 44 -70 56 60 -28 44 23 -39 81 80 29 -54 -75 26 35 17 37 -66 61 28 -93 -31 -66 85 -28 -80 100 73 58 71 11 -52 92 48 89 -99 49 -32 -61 -46 29 -68 -68 -74 43 -62 -44 92 -96 -80 74 99 72 97 61 44 19 53 -95 -1 17 -44 -43 87 -31 -61 41 36 25 44 -78 -16 
57 50 -67 -51 -67 80 2 85 -63 19 93 70 91 -34 91 -1 23 30 -75 -75 -5 -28 18 91 17 -37 31 -82 21 60 32 98 -35 -16 -59 -39 9 51 34 8 -32 54 -31 -78 17 19 62 93 -100 22 -6 -52 -21 -92 56 -12 -29 -72 48 75 8 -83 46 -88 3 50 -69 42 39 83 -51 42 47 -28 9 -75 57 18 33 -7 -60 5 -18 -20 44 6 -100 -45 -6 -67 68 10 -80 79 -37 73 54 78 26 20 
-72 43 84 71 36 -99 -12 34 -95 74 17 -27 -59 31 45 4 8 -36 4 -34 -77 59 53 -69 -30 -18 -30 82 -60 -91 33 1 58 96 81 -15 84 91 -90 -43 22 88 -53 -53 53 -83 90 82 -82 94 -45 -99 1 -90 4 -49 -31 -80 34 69 -48 49 53 74 75 57 -4 -40 -98 -94 82 -22 -36 15 -27 -49 -11 42 -19 -79 24 -63 20 76 2 -25 -3 -7 50 11 100 69 -30 79 11 -54 32 -70 87 83 
31 -36 -19 -64 7 -1 -78 95 -34 92 44 34 8 -13 -56 23 40 -76 -1 -72 -16 22 21 -21 45 20 76 -39 50 83 -70 -100 52 -2 -99 -79 0 -68 -6 90 36 29 -92 -30 -69 85 -100 -16 59 -34 -19 20 -62 -15 -96 42 -91 89 88 74 -75 68 -81 54 -13 -63 -15 83 -52 -13 -57 77 -24 69 -70 -65 5 90 54 -97 41 49 -64 -98 -60 -87 24 -32 31 44 -65 85 -15 -46 88 -97 18 93 63 71 
5 29 81 -83 15 84 86 -72 -76 70 -65 -5 -30 -51 -90 -26 59 -58 65 39 -64 94 -53 -11 -1 24 46 -1 -55 29 53 45 77 97 86 -16 47 79 -30 -74 -19 3 -23 16 -81 99 -96 64 37 -58 -16 -93 88 -56 -81 43 93 39 -93 -51 -35 41 22 18 53 14 47 24 94 -99 -79 -87 -58 -86 -48 -73 58 48 -72 84 69 -26 -13 33 24 -13 -25 27 -12 53 -94 95 54 -28 -15 93 8 -95 -75 4 
76 98 33 -41 35 -78 45 -52 43 -36 -95 46 87 66 -59 91 -95 90 -94 37 -54 71 56 26 32 70 60 -39 -12 44 -31 -93 91 60 -1 -62 -30 6 -21 -91 14 0 -94 59 88 -14 -95 -85 45 -46 94 60 -3 33 -71 64 19 -25 65 20 54 -93 -21 23 10 -84 87 -63 67 -42 31 -86 12 -49 -91 9 -81 3 -35 -93 -4 52 -12 -95 -62 88 -50 -13 -61 27 -77 -32 48 -17 70 -32 -34 -77 61 17 
-15 -46 -80 -58 -73 57 -98 81 20 -98 -58 77 34 -22 44 60 61 98 45 -90 -17 -69 8 62 -52 -4 19 86 36 66 -3 -35 -24 -58 24 91 -63 -83 -95 39 88 37 -84 -40 82 72 13 -85 -49 44 42 -7 -66 24 -49 -82 -52 86 28 58 62 -56 76 22 72 96 2 45 -13 -33 25 11 -71 -64 -99 68 -55 85 -23 55 -25 35 38 -19 -3 -16 93 2 -14 -86 48 50 14 29 93 53 -19 15 -77 74 
9 -91 29 -77 -34 54 79 -84 -93 12 -73 40 95 96 76 -29 98 53 -23 -22 -55 -82 35 -20 37 8 44 -70 -5 -68 52 -16 25 27 92 31 68 79 -52 -73 -63 77 70 84 83 -15 -57 -8 74 75 -50 -70 21 46 15 75 -20 -73 -68 36 -84 97 46 58 -26 44 49 -20 -3 -4 -85 -94 47 -76 25 34 -26 6 80 12 -43 66 -22 -77 -38 -78 68 -96 -42 -13 -86 68 43 -22 -82 -67 92 51 75 51 
-27 -39 -54 -36 -46 -77 26 19 22 99 -83 -76 -32 -40 -4 34 -66 51 28 -56 67 -49 35 -36 37 -17 54 49 -19 -91 -31 -26 18 72 8 73 -32 21 11 12 -56 37 -5 -45 0 88 26 -24 47 4 -49 91 5 61 39 98 69 14 67 15 63 -77 23 -96 -57 -40 90 59 -37 -79 -81 -50 77 -77 -67 -68 -91 15 -17 -70 70 -99 14 67 -5 46 75 -91 3 -51 -35 40 65 11 85 -64 92 71 75 -26 
-73 39 -27 92 35 99 79 83 -13 -48 -40 39 32 54 -99 52 -59 22 -27 17 91 83 -21 97 92 3 -76 43 49 55 73 -45 9 -97 29 3 6 79 -91 52 4 25 53 45 -71 -96 -53 22 89 70 11 -99 24 -18 -89 5 -63 90 84 44 1 47 25 -80 93 23 -20 73 64 52 5 22 98 -63 67 60 -89 34 66 -95 35 30 94 50 -25 -73 79 -30 -62 1 61 28 78 -63 -6 68 69 17 -29 -79 
12 30 -81 -86 -18 -29 -50 -25 -66 54 41 23 71 95 -24 65 -4 -21 95 97 41 40 72 74 -94 3 -88 9 -87 -69 -32 -81 64 -87 34 30 87 61 22 94 -19 1 -25 -45 19 29 -82 -11 -87 97 3 63 -22 15 -7 -18 61 45 -32 -75 -37 20 -98 -69 42 -81 -43 96 4 -69 41 -50 -40 -98 62 -87 -13 95 -77 1 34 93 74 68 -17 -38 -58 -44 -7 60 -77 87 55 -20 -43 -30 52 0 39 37 
6 24 -18 -20 97 66 -24 -89 52 -81 35 10 -96 -38 3 -64 -41 -59 -31 -78 -21 -71 -68 -18 2 41 -68 -93 -17 58 51 -72 -66 20 -13 32 -64 72 -90 -39 -67 92 -70 48 85 -15 29 11 -13 89 53 99 5 -97 34 64 -50 -43 82 94 16 -50 8 58 -13 -86 -11 16 17 -42 33 95 42 -8 30 -80 -76 40 -9 48 9 84 -43 -97 15 -90 -96 1 90 59 28 66 87 -48 -6 -51 -60 24 27 -11 
-15 -54 -73 36 -49 -100 73 -60 98 -89 51 -38 -4 95 -14 74 -9 74 -28 85 -44 -11 49 18 59 96 82 -81 -75 35 2 -42 -87 -37 66 95 42 76 -47 76 -24 99 -28 30 61 78 25 -1 -64 -68 56 -9 65 -8 -96 -43 -68 -77 -20 -60 97 -63 26 87 -75 26 96 55 44 60 -87 -64 -45 -8 84 -99 95 -75 46 -89 -59 4 65 70 63 -48 -69 89 59 -55 27 -57 57 -44 88 80 27 -81 -7 -51 
44 -27 -18 87 81 -39 -28 83 -37 -43 -12 90 57 -47 -21 44 67 -30 47 94 -55 -92 45 -7 5 -89 -24 59 -39 52 -33 100 54 -94 -18 -8 -28 81 25 87 60 -88 81 -50 -30 28 -69 76 8 -31 53 28 -66 -67 -39 60 18 -53 -100 -38 82 87 49 -38 73 11 19 -35 79 37 20 18 -15 -84 -65 75 -20 96 74 18 41 32 93 -53 -30 69 -84 -80 48 91 -36 -43 -56 -62 59 -63 -31 37 -13 21 
-84 -84 83 68 2 84 83 -71 93 -63 -50 58 -83 -55 -61 -81 11 -37 62 48 53 -65 -98 92 -14 -77 -89 36 -40 -5 -79 -90 -51 -20 47 -87 77 12 -96 14 -55 82 -97 51 -3 81 -11 -90 80 -43 18 69 63 7 74 -73 -47 -69 -59 -74 26 73 -2 67 -71 -54 72 -63 -7 92 -22 -60 3 71 -6 95 41 3 -45 43 -87 59 -43 -39 -2 -99 -82 -5 -4 -59 -39 -1 -76 -24 63 46 92 -78 65 -50 
-26 -50 -58 -13 34 55 -70 44 81 26 -65 -19 -98 -14 -53 62 -42 12 2 27 76 88 28 -17 -96 42 -91 6 44 -52 -20 51 55 -34 55 65 33 -27 80 -65 79 61 6 75 -87 63 -1 -12 1 45 -80 60 57 47 -36 -2 -100 -91 -86 -61 -91 -99 -52 -87 4 -89 23 -80 -86 -56 -65 24 -88 35 -29 -37 -27 73 -17 -74 4 -59 27 12 -42 -71 69 66 -77 -10 -44 2 -76 -61 99 -3 -57 -37 94 67 
-7 -54 -87 -45 39 -37 -62 -91 -99 56 61 3 5 -79 -64 49 6 67 -46 25 23 -88 78 -62 94 4 28 -35 -60 -49 -7 16 35 -17 45 56 -99 -57 71 -6 19 37 -32 70 -63 -18 34 18 42 -35 0 10 -96 94 36 -12 -82 47 94 -74 45 41 -10 51 54 56 -55 36 -65 16 54 -93 34 -47 -19 -43 71 41 -5 22 56 89 -7 -61 41 -77 -92 -3 -51 -58 93 14 -99 26 11 -67 63 83 75 -31 
-45 38 -22 -8 92 -100 91 -60 -89 -39 84 -3 -30 -73 43 -54 82 85 -5 45 -21 -68 -4 -44 42 -20 -57 46 -31 99 -61 20 17 9 8 2 -65 80 21 -81 -22 8 -44 -88 99 -37 63 -97 -61 -38 -22 -97 -74 58 28 -49 -11 -17 -97 41 -35 -83 93 19 -41 18 96 -49 -43 85 78 39 7 -78 -33 57 69 -100 -76 94 -98 -2 80 -17 28 56 62 -39 -75 86 -49 -58 -70 -99 -97 -8 -50 57 -32 79 
5 -89 -22 -90 55 -88 68 10 73 65 -99 25 3 -45 -4 -97 -13 64 11 -40 -41 -2 -87 64 -36 -23 -23 -20 -45 78 -39 41 -92 -31 -39 75 -53 -87 83 -44 -55 -65 7 -1 -86 44 8 31 27 -48 -51 -48 94 27 -76 -28 -25 -45 -90 -82 -93 -26 -9 18 69 -64 88 -29 6 -7 -56 -45 18 57 5 63 93 47 23 -45 -76 -11 -45 63 -5 -83 -17 92 33 -45 -27 75 -60 81 -13 43 -91 84 61 77 
87 -9 -36 -62 -87 4 72 -28 73 82 -56 7 57 42 38 96 53 -54 -75 -71 62 76 94 -87 8 -22 -57 52 -79 -23 34 18 -54 -26 -14 -38 -98 -23 35 -80 -91 -38 100 71 -81 -81 -12 -2 -55 96 63 52 1 -89 93 -57 -60 14 91 7 68 6 -24 35 30 39 85 95 -48 -46 0 -54 46 76 55 5 -14 31 -25 93 72 84 -91 -34 -87 -33 29 98 -3 -22 -65 1 9 84 -22 -54 50 -27 -51 84 
-98 -46 75 7 -51 83 -46 -54 25 -92 -44 -96 64 -54 92 -30 7 3 -41 -17 -32 -57 74 -4 -89 -47 -34 5 30 -44 85 -45 99 -28 -90 49 71 0 84 -11 76 -63 -81 9 58 26 16 -99 -34 -23 64 -69 -94 7 -20 -62 4 -99 9 63 55 16 19 87 -53 -47 -85 65 1 -83 -70 -5 -56 17 66 -64 8 35 -62 34 58 -36 5 8 -97 72 48 0 89 -61 91 16 49 -12 -8 17 -78 23 64 -90 
-34 75 64 40 97 83 20 -51 -73 -99 81 -32 67 54 -61 96 -35 -19 -90 -7 -97 -31 50 -100 -53 -97 -44 -77 -41 -73 46 29 14 40 61 77 -47 -79 15 -68 -86 -53 56 32 -50 -41 98 65 53 -75 -24 -31 31 99 -58 43 -87 -43 53 -77 24 9 -90 -18 80 55 -15 -33 7 -50 -49 59 4 -83 -39 -80 -88 78 19 13 84 94 95 77 -35 59 79 -85 48 14 -69 -94 -31 -27 3 53 16 -46 43 17 
7 67 -83 73 -83 -28 -1 9 -84 -66 -48 18 -73 54 11 43 99 53 -77 69 69 40 99 57 73 93 67 -61 70 49 90 -63 73 56 -5 -74 -64 -17 -73 -20 79 55 -93 14 59 -84 -95 -61 -37 27 -66 -20 -82 54 -72 83 -13 -36 -30 -30 59 62 88 -68 -18 13 -29 -43 -39 53 -33 -99 -44 -43 -98 78 -75 64 -14 34 37 16 18 65 65 -48 -10 -34 94 34 20 75 5 -42 67 -92 69 37 34 -89 
-1 79 47 -65 99 3 52 -39 -34 11 51 79 -83 -92 15 21 48 -94 100 -64 -62 2 -36 -32 48 -10 83 -37 -98 -81 34 15 17 23 79 23 -87 -9 82 20 -92 83 53 42 87 -42 87 -30 16 20 96 -54 -33 -87 6 -7 -4 -74 -62 -46 82 -26 56 54 23 -77 -10 90 -10 -54 -11 15 62 35 -67 19 -97 -23 -90 23 85 -14 -1 96 32 66 -6 51 -86 97 -27 -38 16 87 18 37 -97 -68 -86 -11 
-46 -4 32 -88 -7 23 58 -13 -16 19 -85 35 44 -53 -92 78 43 -75 85 46 -17 -90 -49 38 -58 32 39 100 61 93 -84 -91 -41 36 -80 -49 0 60 -47 -59 -15 -34 -32 -23 -78 -14 13 -55 4 47 24 -63 18 -55 -58 -20 3 -80 52 60 -69 77 63 -2 26 61 -13 28 57 29 72 -85 -35 -43 -68 -1 -60 77 -48 -48 60 25 97 54 65 -84 16 53 -89 33 32 81 -84 -51 69 39 45 70 -12 42 
-62 -51 0 55 -79 92 -10 -31 16 -36 92 30 -81 -96 62 32 95 90 -72 17 2 -73 6 -47 65 -25 14 10 29 10 45 -43 -32 -44 -98 67 -54 60 83 32 50 34 -91 -66 60 81 -34 -73 15 -45 -55 61 81 78 -6 -55 39 -92 -63 -2 -69 27 -22 77 -77 -32 45 79 -64 83 19 -83 52 59 -88 87 75 -93 -78 -42 98 96 -83 52 70 -64 42 85 -24 3 31 21 -39 41 42 -8 -14 41 -3 45 
79 50 -44 91 -95 17 -55 56 82 -47 -81 57 -21 -75 -8 -28 21 -84 86 61 -62 23 76 -58 -85 -70 -56 3 82 -90 -43 -15 -38 -60 -77 -36 -13 29 -31 40 -62 62 62 7 76 74 -50 -77 37 -79 -13 52 33 86 -35 93 -65 56 -82 56 67 44 94 32 -63 -90 -100 87 17 -6 66 -22 -61 -87 9 71 -13 73 7 -64 -97 -52 -85 48 -22 -37 -73 -87 -54 -64 33 -2 24 82 -85 -7 -38 -80 -25 -92 
14 76 -66 52 25 80 -86 58 -86 33 -94 53 -47 37 -44 -51 46 92 -70 41 73 -1 67 -30 78 -65 89 61 -74 4 -81 58 -99 -67 52 80 8 65 -3 52 -26 6 35 -66 -41 -7 22 -37 68 34 85 -81 59 -85 -48 56 12 -64 -8 -28 38 -8 69 -6 -80 -47 63 -21 14 10 -92 -59 -27 65 -97 -84 27 -81 -50 12 44 59 44 -36 -78 11 -92 -50 11 -21 40 -17 86 -86 -34 25 11 16 2 -36 
-37 -10 -32 -3 -64 60 38 89 -78 -90 5 -76 -74 69 -58 -35 -55 -70 -79 78 -79 -79 36 -78 -47 -83 80 36 99 -46 12 9 -85 -14 -26 23 92 -28 22 88 88 -45 16 67 8 32 -87 -4 -55 -52 90 -3 47 -89 11 11 34 -63 62 -89 -40 9 42 -90 -17 45 -61 97 -19 -55 -63 -55 36 11 53 -5 -65 1 51 55 10 46 -86 98 72 49 18 -29 -35 -3 -6 -68 37 76 8 -27 -79 82 -41 19 
-79 -58 10 91 14 28 -99 -54 -6 -86 -52 51 -90 11 38 -38 -10 -55 84 79 -2 42 39 61 37 53 -2 98 -98 68 15 -49 -83 -6 -99 -7 60 33 29 -34 80 -99 27 22 -26 -97 -3 -87 28 75 32 39 -43 -19 -40 64 76 -12 -24 42 59 -85 69 -41 -14 -7 -90 34 67 76 76 -58 -91 -100 67 39 -39 14 55 48 92 -17 64 -39 -28 -77 39 -70 -30 85 -3 -38 45 2 6 78 29 -45 -13 41 
-51 0 -79 33 -21 -65 98 -91 21 30 -93 -12 -53 1 -86 93 -86 85 52 97 11 85 95 -49 31 65 40 -2 89 -23 -47 -26 -42 -69 88 -96 -6 89 30 -83 67 -96 -19 25 -79 -59 59 100 0 62 -44 -32 1 65 -84 15 37 34 -88 11 36 -34 -41 47 -30 91 -39 -40 -23 -49 -83 61 -84 -99 94 -30 63 -25 94 -27 67 55 86 -64 -81 26 -19 -85 -29 55 -59 -54 -84 47 -11 -86 80 12 -51 2 
-39 75 56 -58 -7 43 -66 0 -4 -9 -5 16 46 98 40 90 100 -78 73 26 -63 -96 -99 52 70 71 68 52 48 -41 17 37 -6 5 -6 30 -17 -37 2 -18 71 -74 -5 44 -45 23 -12 -92 -6 -15 36 -57 -11 37 -65 43 3 -65 -76 -41 -11 -98 -77 -50 32 -82 -14 63 64 -63 -38 -1 66 -43 -96 1 87 -50 -12 -39 16 -79 -85 -48 5 -31 -7 43 59 80 -82 85 -20 81 -49 -49 -82 78 -42 60 
-54 -26 12 -18 72 4 -91 89 12 52 33 -13 36 -77 -37 98 1 -96 47 -32 83 11 56 -17 -87 -86 85 34 77 -48 -9 5 -29 -45 -5 -66 -39 93 -15 -64 60 -21 50 -82 -17 65 66 -57 -85 58 -60 -94 -27 37 -8 -32 -77 2 -13 -60 -5 -62 -18 86 -13 6 -4 17 86 -75 -7 76 -68 94 22 83 -1 87 -12 -100 75 31 -41 59 -26 67 -34 78 -26 -45 73 -44 -97 73 25 -34 47 -59 -29 32 
-4 10 100 -64 -100 -64 63 -75 -98 -62 -27 -65 70 89 -32 36 -22 51 -98 32 -12 71 74 71 82 13 -20 98 -30 -91 -1 69 -13 -3 -80 -75 91 23 -90 79 -57 11 80 91 -100 -67 53 74 -53 -30 -86 89 -54 -95 -63 43 -29 -27 1 73 22 -39 17 -60 -2 -52 -86 36 -33 -80 55 -6 -13 -35 77 46 -78 13 -33 35 -94 -65 -70 -23 98 -92 29 -74 -47 -16 32 -37 57 -39 -37 -90 -10 44 -68 100 
-49 -25 26 -36 13 9 -65 54 55 27 75 -30 -33 -5 74 94 63 73 -4 60 -35 8 48 -90 -97 82 80 80 -54 -41 78 48 40 -21 31 -15 -38 -25 -84 -86 -44 -85 -56 -41 1 20 -41 10 -7 -77 13 -35 -73 84 24 -49 -16 91 29 -6 -94 40 45 -72 -94 93 79 10 23 -85 61 -64 -52 55 -99 6 35 -62 -27 -28 -65 38 -13 100 61 -64 -33 98 -60 26 -25 27 31 70 52 -43 -85 24 40 51 
-81 -24 55 88 30 -13 -14 -25 74 93 23 79 -29 68 38 48 -5 -91 59 13 -74 -98 86 52 -7 -50 -26 -15 -75 -29 49 60 -23 -61 -9 -50 16 77 -14 81 -84 -5 -11 91 -23 2 -49 -6 -92 -16 -8 -23 29 7 74 -76 9 -20 -57 -34 74 -14 40 22 -73 -37 36 -60 60 -83 -37 60 -81 44 38 30 -63 46 46 78 30 -94 46 -75 73 17 -99 -68 -24 -58 -60 40 -14 -71 -49 55 6 80 58 -35 
7 -98 9 -48 -28 -31 11 55 95 -15 -40 29 -28 -48 -82 61 -82 92 34 7 -4 13 3 0 -27 12 -39 11 77 62 -85 19 46 -97 98 91 30 15 11 -84 31 -76 -17 -56 -39 -6 -28 -30 15 -24 -95 75 -44 59 33 15 -46 -73 -4 56 -34 -1 19 -60 16 -57 64 -38 -74 -21 68 32 90 39 56 -76 -30 92 49 100 -82 -86 -52 65 -49 -71 68 -1 -36 13 33 12 -20 -33 89 6 -33 -78 44 -56 
65 83 69 52 -72 -83 -35 -49 -6 52 -65 -2 86 -90 41 69 -11 92 67 67 -44 -29 -46 -33 10 -32 69 51 -70 -13 24 8 89 71 -61 6 -46 -98 34 -92 75 -98 39 70 25 29 100 11 -16 20 -39 82 6 29 9 -28 83 20 -62 42 40 -59 -70 -4 21 99 -24 -35 80 -52 72 60 -94 -15 69 84 -78 -21 -73 -75 -79 46 90 72 95 -93 -12 -93 -1 34 94 42 -52 -3 10 1 -59 -29 82 -18 
-97 51 -57 -60 61 20 39 60 30 -72 47 20 78 -67 25 72 29 -85 -87 -59 86 -73 39 -44 -17 -37 -53 73 65 -17 -41 91 -74 -78 67 15 0 20 42 4 75 -29 69 40 38 98 100 -53 6 -38 20 -46 -16 71 91 -20 -7 -81 48 -50 58 -100 -46 36 -93 -79 -36 77 -96 -76 72 -7 -71 78 95 -73 59 84 47 -63 21 -78 55 1 32 99 12 59 34 -74 95 4 73 -37 -23 -14 19 -16 17 -77 
46 -72 -47 -9 26 -27 64 96 28 -46 -19 62 -25 -51 4 -74 -33 -6 -17 91 99 27 74 50 -51 -96 -50 72 -92 0 14 6 46 -34 53 17 -45 -11 -97 34 -47 -18 96 -48 7 82 43 24 -37 -54 38 9 26 56 46 52 -56 -30 3 -72 -13 26 -57 63 -82 67 -60 19 22 42 -15 71 8 30 -16 17 30 60 -22 -8 -2 43 50 -73 -98 -55 -25 71 -75 -30 73 25 -83 -95 57 -54 72 66 52 -4 
67 -89 -95 41 -47 -97 -47 86 5 -33 8 32 98 77 67 -78 -19 17 59 -40 -79 -38 -52 -16 14 -58 -65 -49 -85 65 38 97 -89 42 -93 4 20 -72 -27 -3 61 -77 -85 99 5 17 8 34 -1 98 92 -49 96 95 9 42 -4 -24 -52 -46 -38 -60 41 -71 14 9 -47 -44 -76 18 -65 15 -81 -30 -45 -67 75 -6 6 -47 -76 -32 75 4 45 -8 -34 49 50 -64 55 41 -15 65 10 9 -47 -71 47 -70 
31 3 -26 -6 -6 39 -73 17 16 59 -99 59 -35 66 51 -68 -71 -6 -86 -7 93 -57 41 29 93 -20 -7 84 75 37 40 85 -31 67 34 91 98 88 -45 -58 -16 -82 96 35 62 61 100 76 -93 -28 -37 13 99 -78 70 -17 -29 -45 -6 91 -94 95 73 -6 7 34 -2 11 -40 2 58 -20 74 79 -93 -27 79 -44 -69 46 -95 -55 77 -54 -90 56 77 19 48 -48 25 29 91 11 -64 -7 78 -69 -57 63 
-66 40 22 86 21 -25 -85 -25 -93 -85 32 14 71 57 -28 100 -84 -96 -22 70 48 -36 -81 93 20 -40 -92 -31 93 24 41 -67 20 41 56 -92 57 -58 -10 -4 71 -66 -58 -68 -89 8 -93 -86 -7 64 -30 25 36 19 92 89 45 11 39 -5 -80 24 76 -24 -77 -67 45 -90 28 30 -75 -99 -47 71 5 -66 -73 -26 -30 -34 -60 -25 -25 -29 -34 -74 -20 12 26 43 -41 -52 -65 71 -42 -12 -50 95 -59 81 
-72 -77 61 -58 72 -69 6 -92 87 48 23 55 12 -28 -39 -76 -53 31 -12 74 100 -13 -87 -34 56 -58 94 1 -42 79 78 41 61 -72 16 11 92 -79 -61 4 1 -24 46 82 -13 11 -5 14 59 61 19 24 49 86 -7 57 -96 32 -78 -5 -43 -77 58 -18 38 -78 93 38 -9 94 -9 -74 52 -18 55 91 -80 -7 11 28 57 80 -42 42 75 -3 19 8 69 1 -58 8 72 -15 39 -7 -25 -23 -8 60 
65 32 -93 20 -52 -86 -65 -5 55 -23 -22 48 -76 77 -17 -64 53 77 -85 -68 -96 56 -46 -50 -32 -2 -10 -17 34 -6 23 26 44 15 -75 -23 66 77 2 -4 -21 -35 -72 57 38 4 -77 -71 12 -43 58 -24 -57 31 -85 -69 -92 -13 -67 -51 40 -45 9 -76 -64 39 9 -37 -4 22 -67 88 -9 42 -39 -29 2 -21 -4 18 18 26 -98 -44 13 -91 -12 -19 -87 -40 -67 -18 15 -3 3 -35 14 29 29 -56 
-51 40 87 -85 -41 71 -40 -98 -31 17 0 6 33 14 -83 -46 -42 -70 -29 -17 -54 59 11 -66 -49 -46 -34 1 -96 -62 90 -30 96 -6 25 -55 2 -90 86 37 97 -56 -59 19 -88 32 -37 -1 48 45 48 -42 54 45 67 -14 89 83 100 -68 -93 -66 69 -11 32 -68 -30 83 -8 -33 91 -73 -81 -7 -86 18 90 -54 -88 42 25 -64 -22 -55 -32 88 7 -21 -29 -37 -92 -20 47 23 14 76 77 4 55 -11 
99 77 -45 -96 -2 7 42 24 16 -35 -77 -84 -14 1 -64 86 95 67 -99 77 32 78 42 41 35 -23 17 15 0 -33 -8 -19 -54 17 9 -42 43 -73 70 -57 34 6 -44 -46 7 64 3 28 -27 -12 -85 -6 68 25 3 25 10 26 70 10 -52 -57 -40 22 -32 -25 5 -40 -68 -17 70 77 2 -60 -70 96 72 -1 -95 100 -27 27 -31 -41 5 -13 -39 -91 -22 -89 99 66 -59 -55 76 83 4 7 -73 80 
-14 -4 -96 74 -70 42 50 -86 10 -3 99 -2 80 81 63 43 72 -89 -91 47 44 -12 7 -62 -65 80 -64 -1 21 -3 54 -75 53 -50 53 58 -5 -97 -91 54 20 70 33 80 89 10 -74 1 -7 -9 -27 61 -29 -43 -53 45 -59 -44 88 -70 -73 -58 93 -43 48 12 -10 15 -19 16 -96 -89 -2 28 38 -13 32 -19 -25 -11 88 -34 -65 -43 -96 -21 -44 35 -20 42 -34 91 95 -68 -1 -6 -51 -94 -41 -23 
7 -23 44 100 1 -77 -66 -19 29 92 -63 71 29 75 21 -68 54 -94 58 22 -40 42 -65 -55 -64 -58 20 73 -84 71 -91 22 0 -66 -20 64 -64 100 -55 61 -55 -90 31 -94 2 -60 -80 -71 -6 -41 -85 61 52 -85 -12 -69 -38 77 6 -28 -22 63 79 35 10 -36 7 -78 -79 53 -52 74 -56 -39 -20 -33 -40 -12 -76 -72 -56 41 -50 -67 61 -24 -3 51 -75 92 -29 -24 35 20 61 -35 -31 30 -12 -52 
0 27 59 40 57 56 -26 -93 -48 36 -35 -34 21 76 60 60 96 40 -95 50 -11 58 -61 -81 -54 39 -3 37 -24 -32 51 -30 -12 -97 -75 81 -47 99 -94 55 -61 -94 -11 38 -90 71 -53 -15 36 -35 -68 -16 -40 81 -1 -98 -76 -61 51 25 66 -90 -27 -42 -39 -32 82 29 -75 66 -98 19 47 -33 -80 46 43 -33 45 -97 15 -9 -76 -77 -67 56 29 -41 -49 -86 -27 -80 -2 -86 90 96 41 -39 -83 -67 
39 64 65 -29 -34 60 10 16 -77 73 92 41 37 11 19 -41 -44 100 -10 -33 -44 99 -29 16 47 8 10 -50 -50 72 -63 -18 16 19 80 65 -76 31 83 89 -19 -63 -73 78 39 -71 74 -96 86 -38 5 -52 -69 -89 80 -10 -7 -13 0 75 -70 97 -63 -81 -58 29 -94 -99 77 10 -13 -66 -80 95 -60 28 -18 -31 -19 -93 22 -80 46 58 11 -48 65 14 -89 -24 97 -89 -3 -75 -99 18 -18 57 -12 -39 
-82 85 32 -27 65 57 11 59 68 63 91 99 23 47 -37 10 47 20 89 47 34 33 -21 10 -61 -6 -19 64 -34 62 91 -46 99 -98 -30 53 -38 -8 -68 -56 -59 80 89 23 -31 70 -37 45 -17 23 50 71 42 -15 65 55 66 -48 -59 36 22 92 -87 -10 66 -69 -37 78 11 29 42 -48 -10 -47 79 -48 -19 66 20 -25 -74 19 -69 -86 -34 -70 -31 96 -52 -81 59 13 29 -81 93 13 -27 -59 -93 39 
-1 -82 -26 -31 -85 61 2 -63 44 -22 31 73 100 -64 -28 88 -74 -45 -76 -72 79 41 -41 34 30 92 89 22 -56 -40 98 -15 -81 61 32 64 -88 23 7 39 42 68 9 -56 63 89 27 -6 1 75 -11 34 45 37 94 -14 77 -67 4 -76 -2 38 43 -75 -38 -70 87 -39 94 -84 10 81 74 46 87 87 -90 29 -59 -6 -94 57 92 15 -3 37 21 5 -53 20 86 11 -80 46 39 39 60 -54 36 -21 
22 -13 -63 87 17 -33 33 94 65 51 -19 45 -89 99 -97 -95 56 -74 -18 91 -36 72 -61 -20 20 34 -12 87 -78 3 -6 25 -97 81 -97 19 45 64 48 79 -62 97 -5 -69 100 -27 19 -17 35 99 33 -4 51 -90 -44 -54 79 -86 48 41 53 -27 -83 -98 3 38 18 -93 48 -36 -16 29 77 -86 -45 38 -8 33 -94 -11 -41 -38 -17 -9 -80 80 -52 -85 40 -6 17 -41 94 4 -22 -32 -80 -71 -60 -21 
-90 -54 -57 99 -89 99 51 -19 -86 10 77 -20 91 -75 58 -88 -73 -68 -41 -64 -45 97 -40 12 16 46 -65 30 27 84 -27 -76 -28 68 47 81 14 -74 -58 -74 -58 -38 17 32 77 15 -83 80 -30 -63 -56 -41 -86 16 -77 35 -18 3 18 -22 41 36 -85 42 96 58 -90 73 25 73 71 -26 -39 -51 15 28 56 35 -34 96 -53 -3 -74 -94 -42 12 -33 -14 -87 32 61 62 -21 -46 3 -93 64 -60 12 57 
-68 86 -87 -45 52 -92 -10 -85 12 10 38 -39 -4 -48 -4 -82 58 -48 43 -45 -96 -52 97 43 -74 -20 69 -21 -80 -9 -95 -54 90 67 87 -13 -23 63 -34 54 68 24 -23 -100 26 -19 -77 69 76 55 -1 76 73 -68 -98 -39 -75 88 -52 -17 99 -9 25 91 24 -53 -91 1 64 80 -91 -74 -11 95 -63 -9 6 73 26 48 41 93 62 -38 100 -84 73 51 -70 -52 49 66 -30 65 33 -35 69 -39 -73 48 
70 42 -52 -70 -42 84 71 -11 73 67 98 -35 -49 -43 -11 -56 -62 -21 66 -29 -28 -81 -94 -73 85 99 -91 -32 -63 -15 44 43 -84 27 23 93 91 49 -75 -50 34 95 -49 -85 -50 79 47 56 -6 -44 -45 -89 78 -75 71 66 -99 26 66 -35 11 -88 -37 -46 79 85 -90 81 14 -52 42 55 -79 30 -13 10 -58 -76 3 17 -38 -60 87 37 -51 74 -55 -15 -68 -32 -13 -54 10 -58 26 95 -46 -49 -59 -75 
-36 -89 -87 -8 44 -27 -98 31 18 68 6 -29 -58 57 -37 96 -71 28 13 -52 70 -58 66 -80 71 -1 -34 -28 -52 -14 10 -23 28 -74 -4 17 86 -85 -32 48 59 -55 -75 83 -82 -61 -66 92 96 30 18 66 -28 -17 -77 -97 -57 33 53 -100 12 70 33 -60 -47 -91 32 -22 -41 21 88 87 39 39 -43 -40 -77 91 8 3 73 18 -51 -92 25 1 62 -21 -80 69 -14 57 30 -41 -75 -62 63 -40 -85 -47 
42 65 -74 40 77 -98 -100 100 19 -36 96 64 -80 -49 -15 67 35 -2 21 -19 -31 71 4 60 96 -32 87 42 -50 41 28 100 56 98 -100 -54 -76 22 -69 -65 -70 -34 8 -28 -27 -39 48 -50 88 -1 -47 79 11 -39 -1 90 -27 -36 17 90 -71 -69 71 32 37 64 -85 -26 -49 6 31 -37 -84 90 50 38 -82 -17 39 -34 -59 71 -38 -90 10 40 37 81 97 -50 63 55 -69 -98 36 -35 10 63 93 -36 
28 -63 -3 -72 -85 52 -16 53 81 -21 -67 -71 7 -61 -84 15 -76 79 -19 14 -82 85 -90 6 -12 -5 35 -94 -94 -72 -13 1 -6 73 -48 41 -3 45 -78 57 41 -27 17 69 -55 1 16 1 -97 -54 83 -84 1 -70 -59 -43 -45 51 -28 45 -61 -10 -15 -38 50 -70 -39 31 -95 -39 84 -40 -43 9 -87 -88 80 5 2 51 -10 13 57 6 -38 -70 11 84 -41 6 -19 7 16 -11 43 -26 -92 26 -38 16 
59 34 -93 -41 -36 99 60 -43 -29 3 50 46 -28 22 -99 48 66 86 100 -95 37 -32 -43 35 -85 27 -7 64 88 -45 -97 -49 18 60 -74 -46 75 11 20 2 98 20 37 91 -51 -65 52 -76 -27 28 -100 10 28 -46 -24 73 -44 19 -20 -47 -71 73 -58 66 -96 23 -62 -28 59 48 -50 13 -61 72 28 37 54 34 -46 25 91 76 21 7 46 77 -16 38 -41 18 10 -100 -72 -71 -65 -81 51 -46 20 -85 
59 0 11 -21 97 35 3 17 -32 61 39 81 97 -15 60 -44 -25 -24 -30 -33 -31 24 60 12 88 -35 95 12 -16 14 19 -16 91 35 98 9 -98 -72 -93 -94 51 -44 40 -82 95 -96 1 -35 93 -86 58 71 -29 71 -46 86 100 71 47 68 -44 87 62 -48 33 76 16 30 63 -23 84 11 61 21 100 62 -100 25 -47 96 -100 33 -88 -48 18 6 -99 47 -40 60 76 -44 89 -53 65 -93 49 91 -10 41 
-86 84 -13 71 24 85 31 -51 46 -7 89 93 -83 13 2 -46 -12 17 37 94 54 -21 -88 8 -51 -37 42 93 79 86 -89 -78 -51 -4 -39 -22 -77 40 -96 -14 8 -78 -33 13 34 13 -1 -81 18 94 -9 -42 52 -79 -22 99 96 -28 5 -82 -51 87 72 8 -59 -29 3 93 -3 -6 -56 55 27 55 59 -44 -43 13 -50 73 64 45 0 74 -85 -33 -75 -9 -51 41 77 70 -88 -75 -81 33 -17 -1 11 50 
51 -67 61 13 -100 60 84 0 77 43 43 -74 -65 -85 26 -11 22 -97 73 76 -48 -19 21 -22 -14 38 -16 -92 63 34 -64 5 23 92 56 68 59 -72 38 -10 -96 -86 -83 -88 47 98 -54 97 -16 -1 -44 4 -39 66 -96 -32 47 56 9 -8 -72 91 -19 -66 88 41 73 97 67 70 -40 -85 50 -49 100 40 78 -20 -66 -41 61 20 48 9 -68 89 15 50 9 -70 60 45 63 -64 -56 -29 -47 24 94 -92 
