12167 -5558 -19508 34517 13249 -13712 19501 -13205 36555 19663 -18366 -22761 -2402 -38522 -7667 -17593 41484 5397 -37891 -15026 -9335 2411 37254 -39569 18369 -22119 -17180 -19221 -9072 -37204 -38860 -3339 13105 -32902 -4198 -42494 10932 -11410 33277 20737 11789 43723 48555 -2875 -43032 -30952 -12465 14980 -18571 28832 
18671 2620 11268 4196 -14907 34301 1633 32976 1032 39049 -10855 4602 -11663 -37024 7501 7397 -17173 17766 -40812 -3224 -19489 18582 6448 27666 3737 1299 -62207 -41549 52635 47681 -20724 -53079 -8418 17126 16332 32743 -67092 4992 35379 -50548 40655 -10514 -173 9516 39911 30968 15084 19572 33629 357 
-20141 -30233 -27288 8748 27663 -22397 -11645 11571 -46488 -45511 16959 -4099 25679 -18827 -1887 25597 -8314 8223 43029 20824 28307 -2231 -2309 -19143 -5196 -14156 26547 12572 21114 -29809 34346 61739 18525 29076 19542 -4686 20204 17731 -25200 19973 10692 -3941 34497 -7922 14062 -10012 -17285 -5560 5545 12121 
-10540 -9191 -24122 -3695 -25832 25298 22631 -25025 -35988 35528 7169 -8106 3708 -12014 -1486 18299 -53522 -14 -6025 -18176 14446 13475 -56164 -35480 -43903 -18775 -18430 12361 17552 7985 -8671 -16670 36638 -22176 13481 -24309 -10086 -15658 -2625 -9788 15270 10215 -24830 -4087 27420 30805 -6219 41031 22877 -46819 
3043 10616 -34136 20879 29835 4945 -11457 22815 -16505 37731 11257 -31305 35469 7878 -47387 424 34888 9958 -5077 -20646 -15636 -11438 5995 -16347 21020 41098 6097 12818 -17633 10833 39950 7141 -3241 14690 10479 -13352 20789 -8138 -26297 -10021 16113 -37599 38199 -16549 -25451 22465 -38881 -26910 17822 19524 
5950 15196 37362 -23166 26033 -38731 6624 14015 -31127 -5069 -6622 -12025 13881 -11600 21191 33554 -21556 5252 4315 14007 -6394 4862 -41302 -1586 -50345 -15831 23775 8233 -3405 -31720 7058 6098 37500 -6002 -36454 -1294 -10712 -7396 6177 14223 -23076 36658 7350 10193 -11206 15841 -22786 -5175 -14566 -14597 
2420 25401 -18503 -58786 45092 -26344 1343 44565 -21360 9008 -18098 -49835 53412 -11195 44793 39282 -36357 18105 -20914 26740 326 140 3818 -6885 -17075 -12238 -36312 -17558 -16155 -17609 25387 -38951 18051 10836 -36259 2302 -28899 -32269 8833 -29757 -5005 8878 34031 14492 14477 -15508 7156 9782 23495 -22865 
12841 -822 78017 -28588 20743 17178 24170 -11714 15508 -48468 -28142 -35523 26383 -20029 47139 28406 -743 36048 -41686 -24363 -17942 -581 -47352 5168 -7390 -26267 3926 -29185 -3766 -15193 -10572 -16202 13461 -39911 -35720 -21582 1200 -17903 29149 4103 21454 26098 -16791 14894 13787 -23459 35083 -26219 -11971 -17899 
-14578 -12127 -19558 12087 12162 5732 -36476 -5011 18174 -23686 16486 15524 307 -22595 19336 -18641 38653 -3425 -12017 26239 12630 28140 7282 28186 27363 22814 31398 -26393 32280 22348 1544 19226 -26971 -9431 -5904 42150 10938 -16574 22106 36247 -515 -12306 -16639 5151 21525 -13855 13500 -21370 -19298 17522 
-1188 -27978 15827 -11314 658 45206 5247 -17851 12627 24770 -18685 26021 -8160 19751 -19315 13644 -17877 19790 -43909 11983 -34879 24225 54553 -47153 -3972 -10051 -13545 -4704 -7705 14041 9385 3576 12736 36853 47877 -62229 13117 9437 1656 -7728 -6415 -4184 14589 -46291 -26442 35554 -27588 29401 36744 38059 
14636 9527 -40562 30792 -4063 8488 -50006 21778 -18622 2980 13510 -2043 8920 15384 -21345 -32536 25376 -36449 -8248 -11031 21004 -15923 31015 -13581 19677 12031 -59835 28363 13639 -15934 -20550 -26722 -9613 478 32532 2296 -551 5321 -2270 -17031 13221 -4414 -21799 -18779 27737 -28781 -6621 27665 -11004 5634 
-22367 -16154 -38658 23899 -29716 3356 12376 9127 9528 11609 -12814 19814 -7910 -39082 26178 -4488 20737 23913 -48430 6071 -28685 -20029 58504 -4900 -33435 -17895 16646 -30376 10400 -15500 32542 38299 134 -7768 3749 -18237 27565 4739 8416 23949 -3449 -1422 26668 3571 -22002 -7667 -19140 27735 -290 14204 
66 -16154 -15496 1616 -18965 -27844 12788 22939 16229 -10136 -26697 -28056 -26202 -23515 35958 6102 13611 -25321 -25083 23010 46684 15021 33302 -26874 -11877 -4008 11463 -16918 38039 -36501 31919 1752 -1502 23446 64011 -38418 8615 40177 6497 19102 -1829 25426 17550 13282 -4805 -3315 -39624 66367 -50763 38713 
7398 -84640 19116 -27079 24345 -33869 11 -27981 -8454 46319 20138 -19921 14201 49946 -6024 5183 -12644 -11260 -2741 32666 2199 7160 -7325 28640 -27230 1485 6498 18937 -24901 10336 3726 -2962 -10895 -7945 19603 6777 17888 -17164 -25797 -17384 10157 -33692 13449 -7847 -31960 -4632 13727 -8628 23367 -598 
-24431 21707 36186 15792 -45050 -4405 -3427 34787 -8473 11081 -12280 -16835 8099 22013 6813 27035 24560 6345 -12870 -22634 -1921 11809 55060 -19125 36459 26557 -149 -2197 43109 -23476 13784 5605 -12507 27036 -11430 -10718 17669 28312 -14747 -6953 30571 3389 -6088 12490 14882 -26149 -11855 -19973 -36348 16512 
33827 1809 -26980 -2630 -19676 28141 -15125 -19631 -19728 5200 -1078 -1061 -12455 -14892 -26771 -21236 4444 -17484 -10541 7344 11149 9787 -56667 -4440 -3169 20486 6002 -711 326 24710 18271 10559 -9700 21802 40645 -15727 -19107 8204 -10902 -29830 -17299 -2545 3238 -9236 35839 -16298 1431 38733 9405 -2153 
12990 9386 -12613 5679 -39158 -45528 -15311 25774 7738 15044 20300 5218 -29428 -17453 -17967 -2982 -1327 -1964 8875 -34667 -14538 7132 7635 20559 -8470 -17083 19632 -17668 3091 -4595 38984 2261 -2257 17594 -45493 45062 9788 7148 16251 8808 -12387 41923 33882 -27014 -14613 -46139 -4677 13374 -38531 6466 
5350 -18976 -34369 -7414 15056 -31209 -5719 -57796 -26163 30397 9263 -39249 -5714 15677 -17325 2598 12126 -9233 -8948 10799 49661 -12852 -79178 22078 461 -1067 23575 -17721 -11125 -36474 28054 7845 6892 -9835 22311 9090 -17834 17859 8162 -5895 -6996 3895 14348 -23441 -22847 21831 -796 9699 -41152 -18103 
-37396 19292 -36552 12085 3611 -6131 -38236 7782 3038 -46324 -1100 -15440 -28547 -47313 6252 -9715 42060 9330 42109 -42167 -7289 16738 8037 5384 -15545 -13790 -17716 22087 18609 -38490 -27940 -7710 -2773 -24301 -12439 27209 10055 4747 30645 -18954 26853 21636 2553 -14505 21487 -17599 6114 -24130 23540 -1354 
-23825 -24966 5837 -29658 2593 -3387 1244 -2618 -43803 -33293 -34145 805 15474 -19908 54140 15641 10779 -7176 8346 13598 3810 38071 -19187 -24730 -11794 -18723 -13189 -3236 31224 -47267 -16533 7503 14899 7033 -6921 -23540 -6229 4881 -14916 -2881 35774 -29230 -41137 38402 39672 -26321 8320 -9835 -589 3471 
7924 13763 59571 -12806 6190 -16452 -16826 11431 20871 -50046 -8423 6801 -18279 -8934 27777 12371 14446 4353 5370 8044 -3021 2688 -6286 -2321 -10207 -24051 -5432 -19239 27342 -12930 -42249 -18850 27063 -27357 11702 18068 -34551 34618 1044 24278 42997 23956 -21339 38862 -8432 -26842 64893 -29430 -15542 -13533 
-3253 -3385 -2329 11332 41015 21058 -21435 1642 -19874 -6840 -22841 -38457 5240 4446 41307 -32260 54447 -32701 -13867 15303 9748 -43552 24860 -2261 13531 5533 -31652 15054 -4694 -39332 -24274 -56871 -36831 13833 24166 -33209 -24730 6320 -7504 -14286 33420 -17179 -28228 -1751 24988 10470 -46703 -3390 7123 16128 
24751 -4007 -34824 17000 -16384 760 31081 -37027 -12900 -32971 2675 10261 -33830 -1255 -38517 -10238 44701 -13722 13253 4532 54637 -32328 -61464 5080 35782 -8621 35419 21290 10392 6943 -7056 63636 -32795 -50026 14781 21930 -18503 47364 8722 42063 -2315 -7206 13000 23902 13315 1836 -2952 -8225 -43232 -36455 
20516 3252 17664 -17376 34455 11507 4455 -8003 190 1406 -6821 -25702 -21527 8781 -23873 5400 -21809 -404 42773 -40410 49421 124 -28162 -17757 30689 -14842 -2341 -5919 40322 852 -43036 16312 -2909 -4513 7124 9142 -24118 12091 -1411 -7373 21420 28737 6218 3019 19242 37263 4856 -21253 -1515 -16706 
-27534 17496 38753 -26528 21654 -46761 32198 -35315 -688 11794 -1153 -37944 18312 -2138 3787 34025 -1563 33494 -2069 -729 -12110 17962 -5249 -9874 1265 -27642 43847 -17596 37648 -22786 -17681 28955 16742 -14650 -18442 386 -22427 6129 24162 -34369 21883 18391 14166 -12326 -7472 12454 19706 -39056 -22783 12950 
-8099 -39589 -11236 -3665 11412 -14275 27728 8778 8704 -12837 38539 -1335 24179 -30994 -2018 -1844 27081 2275 32696 -15450 -2264 -25928 -2917 9628 29875 12888 6927 8725 10955 -47486 -20491 2239 -12485 -26228 -18007 -425 35861 -8256 1306 45577 25460 -4429 -4550 32884 -25944 -63485 13250 -39387 -36414 -12000 
25309 25517 -27696 -23161 -5281 -10822 34087 -17580 9313 -25251 -11691 -8077 -22251 17514 -17777 -19837 -10375 -8088 10593 -14989 -12665 1746 37007 29408 -11386 -8294 4265 21271 -27999 31882 20549 -10713 -7430 22785 8421 30792 -4938 -1462 -15214 -7616 -37206 -41284 -15346 17805 -3212 44679 41821 1942 19171 20676 
15999 37508 20468 -35173 20855 1940 7968 49493 12953 539 4347 -25382 -4807 3732 -2639 20694 -8946 21793 19936 -12257 10429 12482 -14729 15755 -14201 17265 9151 13778 -3895 11850 -15199 -4060 -20465 -6707 -37125 8289 7956 -35949 -2787 -11329 -6936 -11988 -2509 42795 20837 -5039 2870 -6632 13566 -29032 
35602 26091 -422 15567 39858 -23645 17306 25209 20915 35994 -27837 23235 16055 -53074 15189 -41753 -27638 28419 -1380 -3838 -21273 -20370 404 46105 -2790 -28505 3110 -25189 11892 26432 2449 -13620 8625 18822 -26217 10989 -21008 5990 24682 -21835 30256 10014 22701 -16083 11801 52005 -27750 16065 -19992 30255 
6240 10522 -2307 91 -1049 16093 1122 41873 29149 -8357 -6514 19063 -44722 -5682 -21898 6633 435 31886 6504 -23815 24265 914 -41432 4945 9304 -12670 11050 -19433 -14575 28870 21045 -2893 -23292 -4225 54605 19696 9357 23303 27326 -35972 -34323 29 844 226 -10048 2673 16517 10281 1965 3063 
46989 -32068 31079 23086 -24303 15759 15398 -18233 34393 822 -18463 10030 -42172 -12204 -34470 -33819 6132 8585 -10166 -10099 9566 33658 710 -8328 -7880 -9983 23928 -4068 21003 -11348 -14603 40640 -11703 7495 7706 -2668 9685 17612 5059 3358 -16228 15132 -48 15535 -25326 35008 -18753 40851 -22002 54182 
-37115 -2329 19083 -14554 43712 -12593 -15558 15319 -38716 -29598 15316 -47441 50471 20174 20482 21681 35399 7362 -24734 44000 -49796 18035 29079 -2726 -14902 15287 5566 -9060 -27577 -45321 9901 -54345 6864 13682 -8933 -17981 -27765 -22639 -18811 7476 -28650 -14765 -12609 -4487 -4059 -30462 7438 -21231 31970 41873 
5294 10368 5586 -11705 -625 -3800 -1213 -19417 14142 16648 -36303 18542 -19389 -9407 13164 32501 -37018 17295 -8213 -37759 -33904 8742 17590 -11922 -30189 -30186 -6712 -4089 -4132 6959 4953 -14585 26648 -24449 -24130 -5150 7024 -2796 10550 -21166 18535 23923 870 -4181 -18984 9278 26635 -7899 12064 7603 
-6708 18935 -7629 7833 7195 -5748 35128 -20856 26777 33123 -9750 7498 -21584 -31341 -42929 -1818 4464 13985 -19496 -26865 -16817 25333 -8259 -15351 -31658 3900 42461 3304 6979 30335 -23754 36463 26105 11412 -1807 -34495 48003 -38932 34357 -7529 11305 6409 25651 -22310 -20798 42649 -3871 41270 24181 -19686 
-19341 -16722 3862 29357 9292 -20190 -18734 30634 3339 -316 -26503 11527 -486 16067 -34614 -28597 -9382 -18975 32203 10809 11885 -2716 17037 -804 -4376 -36991 10129 20849 7015 31464 -809 38243 -25128 -25921 28916 -1050 45435 19506 -6000 -32634 -12297 15535 -5844 -22726 -2750 -5355 -3879 31767 3482 34721 
-11686 16852 7540 47587 20751 -31221 -13548 6776 -19107 -4649 5989 18745 -40734 -19214 -8927 -22337 22167 -32768 33416 -22662 -27834 -3695 -19173 -10261 -36419 -53863 43846 16577 5619 8892 -12488 23900 37230 1877 17185 -6806 16002 1259 1430 -30218 11468 15186 16427 -17861 -14552 -310 -33501 -8922 24942 44350 
24101 36035 -22876 29426 4285 -5860 17399 20668 -12844 4637 -16745 -17767 25075 -23794 -40052 2713 -1493 -28567 18620 -7894 36700 -5397 6972 35510 9723 26829 -25416 52612 44176 17814 10360 -3008 6453 -31302 9341 5798 979 31770 -10283 11885 -1817 -6999 6258 -16313 37776 8059 -6106 13248 -36016 3375 
-5460 13163 15997 -11703 12430 3920 -41544 26800 -1911 8071 16294 17939 6985 5794 6511 4424 13666 5047 21734 -23278 1246 -40415 -17255 49140 15610 -1490 1224 -7153 21745 -3547 17652 -2599 15878 6078 8882 12123 -22257 35888 -14767 1228 41806 -4344 5211 -26899 -14159 3615 -2583 -48067 -13988 -39031 
34218 6233 -37834 -1831 -16177 -24221 23897 70985 48749 -1005 -6651 11610 -25687 11518 -48399 -18270 10546 -13768 41418 16980 52561 1458 683 -5641 -20822 29695 1170 -13851 -5691 1102 48249 25796 -28705 19921 54894 -1644 21075 34101 -34984 23085 -32473 -27787 44762 14398 -53681 34775 -1905 48297 -38635 5675 
13401 31114 19525 -609 20258 -3597 -34831 28471 6479 -17501 -26142 71657 -11254 10624 -11503 -13014 -46508 29730 4891 -6699 -7619 -26122 -7596 18405 10053 5532 -34761 -42307 -15203 19439 5153 -19493 10557 25669 -33057 27401 -14967 1977 11844 -4438 7959 54090 8198 9031 -35657 -23706 29626 -43797 35276 -27494 
5088 -30264 -12199 -47020 -7722 29472 -4070 25088 19927 23909 25892 -13807 15331 16285 29757 -4657 -16469 18056 -1968 44507 6793 3834 -18286 43403 -16400 8471 8266 12202 -24365 -13486 -4108 -26250 -29173 -16820 17404 3163 -18103 9430 -3518 2011 -27309 -35510 -16476 32786 -17955 5425 -20615 39363 -13157 -30313 
-20867 52435 -8304 23508 -46862 -21884 -10565 27332 -11644 -3469 13492 13495 -52398 8207 -39979 65 6712 -52708 61011 -37853 -49891 -3104 8753 3754 -30571 -9862 10049 41446 -5509 22259 -12765 14624 -3183 2926 -1507 26481 1605 27260 -13694 -31652 -26392 14573 -8407 3147 -14670 6789 18749 19782 22596 -13657 
43415 7035 16095 -32390 1528 -1835 8951 41992 1524 -22896 -27219 -16632 11498 -17980 6507 -22289 12699 2678 15081 16584 -1985 14206 -22816 49558 15506 5995 -31303 19107 -16867 -16957 -32732 -27735 -70871 21694 -25137 -10155 -23158 18370 29882 -29374 -22018 -1539 11375 12874 34307 -20105 -20401 26417 -27951 22869 
6369 30883 17943 -14311 7972 -61710 1622 59141 12296 -18479 -5859 -1213 -19296 4230 12528 -5036 -5644 -63248 46744 -24507 33659 -32050 41543 -5690 -18522 -25764 10999 7568 29764 -8448 6773 22653 -14233 2305 -9211 11934 3191 -4433 -12718 14875 14218 6254 -30539 -6121 13263 39499 -41980 3696 -37679 22101 
-7069 -3146 -25293 6954 19249 31871 12768 -31191 14562 38602 27987 -33318 -17247 -16197 4488 10685 2283 35165 -40484 3162 12091 4985 12427 -6740 -5001 -38371 18475 -7134 -4030 8825 11037 -23395 34547 3858 30402 1206 -30957 -22985 48244 -19528 -23980 16281 48073 -65191 -5229 20364 -32024 26186 16329 -14062 
2977 31329 -14881 -14329 13141 -11948 -16017 -26038 14650 20805 17359 17164 110 21633 -25973 2999 11694 -25278 -10736 14104 17954 -36707 -1353 4834 29608 31793 -8880 -26927 -9575 -9488 -25214 -5381 29981 15887 -13935 -15515 -12664 -46267 -12242 13283 14610 -3515 -24460 19493 -27839 -19481 34323 -31313 -24640 -28461 
-20432 -43942 -43496 1233 5958 -24818 6773 -28043 5307 -13273 -33482 25227 4255 11554 -28209 -14025 -4834 19743 29343 9198 63417 19007 30298 -39680 4219 -30152 -20614 -16443 30549 -26276 -21279 29864 -26015 -36004 46141 -29925 21936 1825 12743 18331 -3669 12553 -18918 -20924 -12640 21569 40805 -4035 -12984 16609 
21827 -50747 18740 17681 -6398 15986 7066 -42310 -28725 -8778 3345 1869 3133 9996 -9404 -36346 -4807 19 484 -951 -14501 32672 2490 -2866 -24092 -18430 -15314 21857 6575 959 -31689 21524 2097 29800 -20852 -23723 26026 -33963 7597 -9960 2193 3363 1322 -16152 26501 -47587 2702 -3985 5898 93 
-23443 37239 -1556 19527 -968 -22015 -25958 4792 -53778 -13981 17998 -24225 21481 15994 9624 -4736 68732 -31133 -23808 23766 -32123 5646 -19466 15739 611 32521 -24271 -4905 2508 -10833 5626 -49801 13216 36433 2816 -17796 -57955 22550 7074 7257 27240 -15674 -3070 -33856 36413 -1921 -281 -29321 -23243 -15573 
14691 831 2176 10061 -1297 -11128 -2926 45782 28882 34622 17032 25820 5028 8235 -23753 36742 -24790 815 34743 -47603 -27046 -17233 7135 -29323 2050 8849 -17092 -6400 6275 20998 24552 17556 6487 -1675 1488 5547 27035 6484 -29120 -4965 -10580 102 28927 -3028 -40860 12807 19168 -36538 -13565 14245 
