-4 36 72 -41 75 80 -29 50 50 -39 83 -35 -63 -27 65 -25 87 52 4 91 -9 -31 76 44 -4 -48 -32 -16 51 -59 93 44 88 -94 -3 -22 -39 -37 0 -36 -43 -16 42 8 80 97 66 79 67 -5 67 -6 -53 16 82 -84 -11 54 69 -77 -31 86 23 52 15 -3 90 51 23 14 -83 96 41 -23 -89 -19 -91 54 -25 10 -41 8 83 -27 -63 -26 56 -76 39 30 -17 10 45 -76 54 62 -12 75 15 -5 
-41 -13 -81 5 24 48 39 -77 -18 15 -48 -79 25 -9 41 20 95 75 44 -83 -12 -25 -76 -33 -31 17 -68 1 -61 0 37 32 54 -31 -75 39 -98 18 57 58 -27 4 -36 -12 94 -20 45 -92 69 49 -37 44 -11 -10 -100 5 -84 -80 44 94 -71 95 -79 -37 -6 87 -4 -41 97 27 -9 56 53 -73 79 -6 -1 -54 17 -78 -2 57 62 -75 16 -50 98 -22 87 76 -33 96 -65 -61 29 -21 -35 70 92 -17 
28 -72 -94 12 -82 55 -43 -89 -48 -19 -71 -46 -6 -42 -34 99 -31 4 -79 -24 -83 -73 -40 11 -66 75 56 -80 -30 61 -38 -15 86 81 -4 -74 35 -38 -16 94 -15 -96 -70 39 -90 68 -40 60 -60 -71 -14 56 -80 22 47 -83 26 45 97 -39 31 93 25 -88 -14 12 -42 -75 -49 3 -96 -1 55 0 47 96 -36 -23 42 -7 -80 -100 -92 -49 0 64 -66 40 0 72 92 -14 -69 -86 10 3 88 -50 32 40 
-6 67 -75 -77 -51 2 -67 70 -42 -20 41 -90 59 29 -8 48 -76 -37 39 -58 -21 89 37 90 -54 -69 -83 33 23 29 12 -55 0 -85 61 -70 26 -16 -1 -4 27 80 57 39 -39 -17 -78 -86 70 -50 -51 -14 -28 89 -6 -64 -19 13 5 -27 -9 78 53 -74 0 55 -8 31 -92 -70 66 84 86 18 -32 66 65 -18 -27 54 74 -74 -1 -3 75 26 64 40 91 -75 -96 -15 94 73 9 -50 37 5 79 61 
46 53 -38 81 35 -98 44 -30 -35 -72 79 96 15 -51 12 71 -59 53 -66 -3 -28 -13 94 84 -66 77 -15 -79 -82 96 -30 -99 67 -99 47 -61 15 -73 71 15 -67 -96 -50 77 51 38 -76 99 -70 4 -26 -58 -75 100 19 85 18 -56 -50 46 62 -81 81 79 76 -38 -45 -65 33 -65 47 34 -5 -80 36 34 -5 -27 55 80 -83 24 84 -60 -36 52 -46 -8 -100 -80 -56 19 -41 58 -2 96 65 -45 37 -48 
47 71 6 -32 -80 -15 -14 -83 97 -52 90 34 30 -95 -20 79 3 -84 56 -64 -53 60 13 16 -80 -84 7 -73 95 0 -25 -3 -97 40 -13 89 -17 55 4 37 8 -61 67 -29 -53 -40 3 -34 -48 25 30 24 -77 -81 4 30 -22 58 -61 2 41 44 -43 -69 36 -36 -66 7 9 2 6 72 -66 82 87 -53 5 77 35 8 -52 80 -15 53 83 -74 85 7 6 92 90 -17 -78 21 -84 -38 14 6 -24 -74 
75 -91 -2 60 45 -76 -83 51 78 -69 6 -20 -88 -64 39 42 51 -67 -96 -52 4 81 68 -59 56 19 10 -50 0 66 -62 74 -23 -40 -1 58 22 42 40 94 -9 -90 -3 37 37 -89 -51 25 -12 -30 -77 -15 -23 21 33 -54 -21 -90 -64 95 -49 -80 -19 71 46 -88 -80 11 54 38 -77 -61 48 -8 -95 -91 -65 -19 -37 33 -75 -59 0 98 -85 -73 29 -98 6 55 23 -44 -76 7 37 31 -93 33 66 92 
73 -44 -4 -74 -5 27 26 -42 -54 -51 -78 -90 -4 10 -40 69 -10 88 56 -27 -26 74 -50 -69 -2 41 -9 71 92 42 -47 -59 96 -27 43 -27 68 46 -4 -53 -59 -88 19 -55 -2 -95 57 24 -23 -100 -88 -38 80 -1 -1 -50 -61 35 78 5 -14 16 8 -15 8 -93 44 97 -14 3 76 -71 85 65 -75 -79 45 -55 -74 2 -1 -81 81 -16 50 35 51 -69 -13 49 72 88 -86 -71 77 41 -18 96 19 11 
-68 96 -100 26 -66 -75 -37 -38 98 -16 -96 93 -3 19 -31 43 47 -1 -55 -44 91 86 91 -23 96 44 18 -90 -21 -21 -36 -68 -15 57 58 37 -85 -82 -83 -40 61 -95 44 -78 98 -59 -30 4 -82 11 38 -58 30 -95 -39 17 0 55 89 68 -52 89 96 -17 -57 97 -15 82 -100 92 62 70 -23 35 13 85 -61 6 50 -60 52 74 71 11 -45 34 -78 81 20 -64 91 29 19 -79 -86 1 -85 63 -68 -89 
-34 -2 -67 -28 50 36 9 23 -11 -13 -10 -6 28 -47 -66 57 35 67 -31 -20 87 21 4 39 33 95 -94 -50 -51 -39 -77 -99 25 -69 -2 45 -77 18 66 94 -86 -94 5 -85 -78 31 0 -39 40 -50 51 3 -49 -12 -35 -1 -41 -88 -52 15 15 17 -31 80 24 -26 28 -11 -100 -83 -5 31 50 23 -12 -33 -26 47 -42 88 -3 -32 -41 28 19 -88 6 56 -97 -28 61 42 15 -88 77 89 -11 26 65 41 
12 90 69 -92 61 1 -16 71 -65 96 -21 21 15 35 67 -70 -46 84 -24 35 -12 44 -80 5 -2 94 -62 92 73 -100 47 19 25 -97 -17 -88 77 20 81 -9 2 -69 53 -85 60 72 42 -88 58 92 -82 -70 16 -74 -33 -76 39 27 -41 -61 -17 -64 -92 -63 -13 0 19 97 -16 -79 -8 -16 30 85 -53 -56 -100 87 20 -28 -73 25 96 13 10 -84 59 76 43 -9 60 9 -96 -46 81 85 -73 25 -83 -29 
-38 -8 -34 90 61 58 82 -83 -2 94 25 -21 3 6 46 93 62 -83 63 5 10 -32 -3 -77 84 76 -45 40 10 -13 -52 -100 -12 -14 -6 -76 76 98 54 -90 21 -92 61 54 26 -91 -62 7 -63 -99 79 -48 99 25 57 21 54 37 67 74 53 -24 -18 -31 34 21 42 82 64 -65 26 -39 -78 32 59 30 4 -50 -17 43 -26 14 26 -48 -87 -79 48 13 -20 16 13 69 16 -97 93 53 62 69 74 -4 
-62 1 -46 -15 85 -96 37 -31 -41 19 -91 4 2 40 -86 -35 3 60 -87 -33 -52 17 41 32 71 -9 -73 -82 69 80 -26 -35 40 92 69 1 48 91 -24 -43 88 -47 56 -34 29 -90 -43 5 90 8 62 -41 -1 47 35 55 -22 24 25 -78 2 55 0 -7 98 -83 -62 21 71 -74 -20 75 91 -44 9 -32 64 -2 82 82 100 15 -85 37 17 -5 42 28 62 -2 40 -43 -56 56 60 -53 -87 64 -98 90 
39 59 20 6 -7 -55 -35 -23 -68 -23 -13 23 4 20 -88 91 -7 -51 -79 -90 93 -81 57 -91 -55 25 92 -1 -25 23 42 30 -59 20 -77 -46 34 -75 31 -6 -6 36 -81 -88 90 -100 31 -51 -66 -20 81 78 -51 -26 -49 -81 -68 44 22 76 0 -74 19 -16 46 81 7 -42 78 95 5 66 -65 32 14 -31 83 -34 4 -11 -94 36 87 -28 -43 -35 -6 -44 -3 37 -34 -3 -71 5 9 14 -24 -56 -58 71 
68 7 -65 51 17 -89 37 -62 10 -23 35 85 26 -59 20 69 74 -56 98 97 -72 82 32 -87 -1 31 40 17 -13 -14 -23 61 60 -46 -28 -89 44 -91 -9 54 -32 29 12 -31 -20 64 -100 85 -12 -82 -3 72 32 -29 73 100 42 -86 86 -57 -6 -14 -48 -94 -84 28 7 15 -87 -35 15 61 69 85 -39 -87 -47 -66 91 53 10 0 42 90 78 85 82 0 -56 -25 -40 -51 9 64 -99 23 -47 -52 -32 82 
-65 91 -61 88 -52 -51 4 53 49 -78 37 38 59 -44 96 -7 -47 71 81 -52 -87 39 7 -98 -29 -58 29 94 84 -83 32 87 53 -27 -50 -63 -60 -69 11 78 -99 -99 -14 26 -36 -20 -72 -78 45 -82 66 -53 97 52 51 -51 11 4 -7 74 29 29 -42 -7 81 -17 80 -50 -90 18 17 20 63 -98 97 -34 34 30 -6 67 -100 -51 -32 -69 75 -17 -26 -61 -15 95 -78 18 3 -96 -62 -47 -96 76 -5 7 
40 -53 100 -2 69 41 -19 -75 -64 -56 62 45 81 -97 53 19 -19 46 -20 -43 -71 87 10 18 26 -43 -32 33 72 83 -36 -7 -38 69 -27 -38 82 16 -20 57 -59 80 -88 -81 46 60 22 52 63 91 70 41 76 -1 52 -59 41 42 -91 -53 -97 28 37 -55 1 39 18 -85 37 -8 80 66 24 -41 7 -33 -1 -7 82 31 2 -40 -37 -52 56 25 81 5 -38 67 18 -8 -83 71 -22 13 48 99 -10 5 
-20 5 83 -9 88 -19 -90 48 50 -41 -41 4 35 28 9 63 -89 -20 -40 -45 82 62 49 -72 -43 -92 -75 -74 -40 23 84 77 53 60 55 42 58 78 -24 -52 43 -43 34 -42 12 3 45 -28 -82 54 -15 64 -74 26 -98 20 37 -64 96 17 91 -15 27 -64 28 -99 25 -30 11 -28 58 6 37 -26 99 44 -21 -15 51 -40 -26 -40 -31 -33 -66 -34 -1 59 41 -24 -84 -54 4 -47 -17 17 -67 19 -83 74 
70 -78 -58 81 -34 -4 50 84 -64 46 22 78 3 -20 -50 96 12 -28 -23 43 -49 -80 -63 -84 36 -72 -70 -48 89 69 -91 -66 -17 55 11 17 -11 47 -40 -61 88 -82 -69 -3 29 -22 -61 13 100 57 64 27 9 20 -34 -37 -84 37 76 17 92 39 4 34 -36 -15 89 -33 45 -40 -51 77 -63 -22 18 -15 27 -52 -82 8 -10 -58 19 -10 -43 -37 -10 -57 80 96 -98 49 -28 43 -93 38 45 -81 40 -68 
-16 -87 85 13 -70 6 -70 -27 26 14 18 -33 -10 51 -89 -76 -4 -41 -29 95 -95 3 20 -18 -37 12 46 -75 -75 13 -26 -82 82 -28 14 -64 18 85 -64 -17 -49 7 65 -41 85 0 96 3 81 -95 -90 -44 -3 54 15 -81 56 -71 86 -29 -55 15 -13 -53 79 10 -49 -20 -68 -35 79 24 -52 77 -20 -51 60 81 -33 14 50 27 43 -43 -95 8 69 -85 -25 40 -75 15 16 40 76 -62 -74 21 -44 98 
34 -93 -80 -9 84 -38 -81 10 -26 47 -5 -22 -85 5 -92 17 -62 -77 -100 89 -78 -95 -76 -51 -24 -22 16 63 98 51 -11 -19 -68 -83 -59 -92 -32 -91 -48 -24 10 3 -50 -5 16 79 -26 10 96 29 14 -98 -63 67 -3 -50 -80 14 58 22 92 -33 94 9 -61 31 31 -18 18 -58 80 36 67 58 11 -69 82 11 -100 32 44 84 78 -76 42 38 -26 32 -85 -70 12 21 5 3 86 37 -58 -41 -94 27 
31 41 -5 -39 40 -68 19 43 20 79 46 40 -88 90 35 -20 -54 63 -99 -79 -84 -75 -95 8 91 -100 2 -98 -78 93 -66 -20 -12 38 13 -60 22 -37 21 4 -60 23 43 87 -69 10 47 -36 -77 74 34 74 59 25 40 -56 -6 -82 74 5 -21 -88 77 50 -78 -21 -66 33 -49 61 16 18 82 -48 47 -14 -83 29 52 -84 5 -77 -71 -68 15 29 7 78 -52 93 24 -31 -93 14 -59 -21 83 -28 85 -90 
28 10 -66 -30 -17 42 -59 -60 84 -47 -39 -49 37 0 73 -12 32 -33 35 7 -81 -43 -10 -71 27 -7 24 -76 52 88 45 -94 50 32 -60 95 -85 -8 -88 -87 -49 30 28 33 -37 80 -71 -86 -50 68 61 7 -21 48 -42 77 43 -15 84 -3 29 -81 -98 -49 -55 -81 -25 -100 -53 48 -81 73 67 -47 35 -20 -49 -84 42 41 -31 55 17 -42 -82 50 62 28 -74 9 100 74 -90 23 50 -76 -62 -86 -75 99 
49 -61 3 -85 -98 -47 48 77 -7 -47 29 -16 79 8 -52 -87 -98 54 -91 94 -24 -75 -60 -90 33 99 18 -42 -56 -12 29 0 73 1 47 -90 83 -28 76 30 42 31 -80 68 -13 -69 69 -85 -32 -6 78 -66 46 -93 93 34 -54 -72 -93 -54 -86 11 100 11 94 38 21 -20 -77 -80 9 -8 -7 -15 51 30 95 -1 58 -94 -23 90 -65 99 -17 18 -85 46 -88 64 -34 81 92 -3 -58 95 38 -55 -62 50 
41 -42 100 3 -26 46 -78 67 91 81 29 62 -76 84 -89 81 93 -38 -26 -87 -51 92 7 -21 5 -60 -69 60 95 32 57 -15 -17 -33 -41 58 4 -48 33 -17 -29 -98 -78 -96 84 11 -81 14 57 96 82 82 31 -55 63 72 30 -46 -39 12 95 -20 96 -85 53 64 61 92 27 -29 -91 -96 -37 47 68 -25 62 -53 -47 -54 -48 71 10 75 -63 -91 5 -61 -56 4 -34 41 -54 88 -46 65 -48 -80 86 -57 
-5 82 -89 75 83 -51 0 -53 49 -44 23 -11 -40 48 -82 44 -46 -62 77 -96 63 8 -26 67 -17 58 5 -87 -91 -31 17 -38 46 29 -80 64 96 40 34 -32 70 66 46 -60 -62 -71 56 -57 -23 19 54 79 12 5 1 83 4 -34 81 -59 7 54 48 62 89 -100 -33 -37 80 -96 -79 89 10 6 -88 -83 -43 -39 -56 -30 -33 -95 -43 -38 -75 -97 95 -58 28 18 54 82 46 -63 -23 87 -39 -92 -19 2 
17 71 68 -16 21 60 86 -25 -12 -74 -38 -60 -37 -3 -72 64 17 34 -10 93 32 -9 -36 72 83 -6 88 -1 98 -26 72 78 22 68 80 25 37 -18 91 65 59 35 -63 56 -28 71 -29 28 83 65 56 30 6 30 90 79 -56 71 12 18 -72 -53 78 -20 -97 -86 -82 92 -94 2 76 47 34 44 2 -77 48 73 23 27 -64 12 -8 -48 54 100 78 -52 44 20 -79 -11 -43 33 48 -46 25 28 -3 69 
97 -12 -7 40 -97 11 73 19 17 50 77 -8 -58 -50 -41 -86 -39 -94 40 25 40 -49 30 -90 44 -50 -48 85 73 -47 -45 58 -11 94 -52 -92 40 -17 -11 8 11 92 80 -96 -29 -15 -54 -83 11 33 -28 -28 76 -79 49 18 -54 24 45 -36 83 87 32 -31 -14 13 95 62 35 -98 -53 -89 45 50 90 -97 -60 24 -5 6 -38 72 65 46 70 -20 -64 36 -43 -70 16 24 -22 -91 -16 -34 -76 -78 62 -21 
-27 -19 -89 -17 -52 -22 -45 31 -39 -61 -35 -81 74 38 -52 37 -19 -12 -73 -53 52 -75 -84 -70 72 26 -89 -59 -42 89 27 -93 -29 27 7 -17 -9 -67 57 99 92 -47 -32 -99 -19 -16 -21 -36 72 -55 -72 41 58 -56 28 -25 -65 -8 60 67 17 -58 -32 -16 68 -58 -81 97 5 96 -46 17 -66 -54 95 95 59 67 40 -19 -44 -41 -24 -65 -76 3 25 -16 37 -51 95 10 54 54 -49 90 45 54 -86 86 
-77 63 -70 -57 -99 52 -40 70 -93 -48 -69 -23 -53 84 76 -74 -34 59 80 19 57 50 -7 -5 7 63 31 4 -75 -88 90 -94 42 11 -17 -44 -6 55 59 37 4 86 15 -46 -86 -82 34 -100 -45 22 56 61 -42 16 67 19 -93 -95 88 59 36 46 -7 -13 -55 41 -18 9 97 84 98 7 -93 -84 -7 -98 -38 -28 95 51 -96 -7 18 -71 15 -69 75 -41 96 -1 26 68 -57 95 69 -83 -49 -62 56 -26 
-29 -67 -73 43 81 -6 47 100 65 66 76 -99 8 46 -36 46 -96 29 24 -28 58 98 64 -100 34 61 -36 -65 18 78 58 -97 79 64 -97 26 -87 18 59 -96 22 -89 -10 39 96 36 -80 -85 48 71 -39 25 15 8 26 37 36 -59 -15 -74 36 94 66 49 -89 -47 -46 -43 -45 -49 -89 9 55 -15 -38 57 4 -78 53 -85 63 16 43 26 44 23 -24 -2 57 -96 -66 71 61 -56 -88 -42 63 -56 -37 54 
-11 92 -1 36 39 84 -31 -78 22 53 66 46 6 64 45 -23 30 20 -65 13 37 -6 -95 -75 -99 62 99 -12 99 -29 -85 18 -85 6 16 40 49 -41 27 95 67 -53 -4 -40 -59 -82 -41 -90 23 -34 58 31 31 -14 0 22 -14 81 95 -64 8 69 36 -43 99 53 82 -58 -42 -62 91 -47 78 -80 -3 -66 -87 20 37 -57 -62 98 -91 37 3 18 -84 100 23 13 -28 -27 61 68 -11 -25 19 -36 8 54 
-67 -61 38 -92 -43 28 98 -83 55 58 -37 -38 7 41 -15 -72 43 46 -94 -21 0 61 -29 -84 -15 -80 13 98 35 -41 55 -83 52 -93 94 -69 -76 -100 -100 96 -12 70 92 -33 -51 -70 -81 87 72 58 -51 21 45 3 47 45 40 41 -76 15 -100 45 0 11 -78 56 25 -72 -47 54 7 -14 -30 44 67 30 -77 72 1 54 66 64 -91 -42 83 64 86 -35 -12 94 -79 55 68 27 63 78 38 -36 -10 -88 
-60 88 51 -62 24 -84 -98 -95 -23 34 89 -47 55 -46 4 -88 -21 -51 -60 -59 -39 -53 37 60 84 -39 12 -65 -36 -42 26 96 -89 -19 46 -52 -49 -58 76 -30 90 -59 -30 92 -37 35 -62 -65 4 -93 68 -39 -66 24 -39 -47 -1 63 21 -66 32 91 -82 -48 -90 23 11 -98 1 40 -99 -73 80 -41 -72 -2 72 -44 19 20 28 66 -53 99 -3 26 -36 6 -32 -18 -32 74 -45 -15 29 -11 -59 -1 -34 7 
-80 25 -64 10 10 57 -83 -58 8 26 -3 -87 46 -87 99 -85 38 45 -77 1 -75 -77 -13 73 -38 -53 39 -43 -89 12 75 24 28 66 -1 -7 73 91 -92 -32 13 -66 64 85 75 5 -37 82 6 49 27 -76 27 72 -24 -24 96 -41 68 39 95 -33 -91 39 49 23 25 62 77 41 64 -65 -29 -93 3 37 49 -96 49 81 32 -52 55 65 -46 -5 74 61 -65 37 -30 -69 51 -33 14 70 -46 26 -96 -49 
-10 -31 92 25 -56 11 35 -49 4 -73 3 83 -4 -25 58 82 27 -32 51 11 -14 51 38 -86 42 59 100 24 -91 -14 39 -94 11 32 -64 9 30 74 57 1 -72 46 -58 28 63 -44 69 -44 48 84 62 -56 -15 12 -95 -44 10 51 46 -6 21 -32 -33 42 -56 53 -27 8 80 12 -53 -9 -43 91 67 -40 -82 22 -27 41 -31 27 -83 -81 8 -17 39 -58 -85 25 -50 68 96 87 1 77 80 5 72 -87 
96 69 -17 20 -98 88 -1 31 74 -28 -81 87 10 5 -29 99 80 -23 -31 -47 -37 24 -83 86 19 -94 39 43 -31 65 88 -31 -71 83 92 -11 -8 -89 52 53 15 -1 -23 -87 1 15 50 -16 26 54 -28 35 65 66 52 -40 -58 51 43 -76 -28 26 -28 5 23 31 -63 7 -12 -92 -65 43 -38 51 -10 4 -72 13 12 -44 -82 84 -17 -88 -88 2 99 50 -89 -67 64 42 -3 -91 28 56 40 39 -93 -8 
-39 98 76 -47 -40 -74 50 -76 100 -61 97 75 35 3 97 -2 11 22 46 56 -10 -39 64 98 44 -4 -11 -99 -34 -29 45 -85 -46 2 -40 -61 5 -15 32 55 -84 -43 93 -84 -7 -71 86 -80 -35 -84 -80 48 89 -3 44 -83 42 -38 -22 -92 51 -83 95 68 -60 56 -10 -58 -31 -71 71 -7 -10 83 45 -69 -71 24 -30 -48 -64 -15 -27 36 12 31 0 -62 60 -16 56 26 9 2 -50 -86 -15 -45 -63 -97 
-23 -76 19 -16 -3 -21 11 -65 -29 -68 80 19 -59 -55 56 -37 92 33 -79 -73 -62 -15 61 98 -29 80 -86 -77 78 99 -50 23 100 -56 28 80 88 -78 -33 -66 -77 57 -84 -25 7 90 -90 -79 -44 -89 -10 -71 -40 58 90 -63 42 -90 -26 -82 42 -69 29 -77 -50 15 8 -10 -56 -96 -60 37 -71 -79 -19 -69 27 24 12 -96 21 35 -52 -17 7 -44 -22 -74 -64 27 63 77 -7 13 -30 74 -72 -22 12 22 
54 80 66 -100 32 72 15 -86 75 8 98 -56 -24 -59 36 56 49 13 97 54 -75 -76 -87 2 -69 -27 -94 -48 -25 -90 -60 -64 65 1 -7 -28 -40 36 -31 52 81 -40 31 -20 -18 50 21 0 20 85 -32 89 -10 -81 95 -75 -43 -4 77 -14 -31 54 -20 1 -6 97 60 -86 -18 -61 -21 10 -23 -42 -24 -68 24 -42 5 -58 37 58 59 -9 95 75 11 -22 -54 65 -89 -37 46 48 74 100 -79 33 43 -82 
76 -35 -19 69 -44 -20 36 99 -77 12 -40 92 7 63 49 -32 57 45 36 -46 -37 64 -15 13 37 26 -40 -38 100 56 56 9 -95 26 -70 -85 -61 100 -70 -74 89 36 -20 -68 -43 -61 41 73 19 -79 -3 36 -48 70 41 -46 72 -74 -54 -60 -24 44 14 75 -1 -10 79 97 -70 -48 97 40 44 -15 71 -100 18 -11 -12 57 -80 59 -99 56 6 10 -62 5 -45 -45 28 -24 -19 48 42 22 -39 -29 -58 -100 
-60 -11 -26 100 -55 35 20 -11 -82 15 -37 -30 -13 86 30 21 56 -96 78 10 11 -44 -16 47 -8 -40 -4 -90 -2 86 -65 -70 70 4 63 -51 89 23 50 -87 -63 29 -1 75 -92 70 34 35 -43 60 -12 35 47 59 -100 -14 -18 19 -4 -32 -91 -82 -6 73 66 12 28 9 91 -57 -79 54 -61 -46 25 75 34 -38 87 -52 25 -35 -71 -62 34 -1 -73 -17 98 -44 17 -29 -96 -12 69 26 -30 60 57 -41 
79 -35 -17 15 -59 15 1 -60 8 -64 14 59 53 -97 76 -37 -87 -46 -4 -12 -67 50 89 -26 -55 -37 -38 53 -14 37 12 -67 -8 -37 98 43 -27 -88 58 96 89 23 -3 -89 -18 18 79 31 12 85 14 -74 -47 -29 89 -25 -80 -73 61 60 -19 -31 83 97 -69 4 -100 -74 -75 12 -90 93 -86 -97 -4 76 47 -18 97 8 -72 63 50 37 -49 76 -59 11 -12 -96 -30 -94 41 57 -20 44 86 71 -99 -17 
8 93 -29 -50 79 -30 43 35 -25 -9 -93 -83 -8 -81 50 -64 53 75 -58 -10 92 62 8 69 66 -54 -13 -4 87 36 -50 2 23 -88 92 -6 42 73 -34 91 -54 59 42 -29 17 85 70 -100 4 65 10 -54 -36 96 43 84 -79 -56 -45 -23 -40 89 -84 -26 -87 66 -86 -77 -66 -83 88 -83 -57 -39 59 -41 -68 48 27 -41 71 69 -100 44 32 21 23 -28 59 -90 93 92 -55 49 25 61 33 84 -48 -54 
-8 -2 -28 17 88 85 -57 -18 100 -39 66 -2 87 -46 -80 41 -8 -78 40 -24 -24 -64 -46 -99 29 -4 36 -98 43 -86 99 15 42 59 7 94 64 -51 -57 16 -34 -95 13 -24 12 75 -61 90 -11 42 57 -55 -59 18 11 4 -32 -62 -13 -71 77 71 58 37 -73 -70 16 37 -63 -53 81 -54 -61 86 36 99 -69 9 7 100 -44 -81 72 3 73 96 -92 55 7 -53 -75 -8 72 46 -10 -97 -43 36 22 -75 
61 4 56 -95 -49 -83 96 -53 -82 -25 60 -86 31 67 -80 52 92 -20 -5 -30 -70 19 -48 77 82 -65 55 45 1 -79 -22 -50 98 90 -5 -51 -1 70 -85 -99 -48 -45 -75 -95 97 34 -11 89 70 -69 -45 65 -93 24 3 51 -66 61 -19 -5 -3 35 74 14 -94 9 -31 -18 99 -61 55 82 -43 -13 63 34 26 80 -37 -17 57 95 65 -31 82 -80 -5 30 20 80 2 30 -8 -28 98 -5 63 23 85 -35 
-94 95 -62 -13 -76 -35 44 38 -74 -48 51 22 -71 -93 98 -68 0 64 -75 44 -81 -62 7 71 88 -52 86 73 -86 -73 78 -65 94 -73 8 -85 -95 84 -45 96 -38 -62 -96 -32 -26 -49 41 -35 -98 -48 -39 -35 100 66 -63 -39 9 44 -69 -54 17 38 -55 25 -43 60 54 -44 -58 -34 -37 68 -37 96 -19 -43 54 86 -52 76 10 -95 81 27 -35 72 30 -93 28 -23 -90 -93 -82 54 71 -19 -55 4 32 -71 
83 -22 -24 -96 -79 -99 -34 19 34 -97 8 10 31 35 33 79 45 -77 -98 67 -36 -59 -14 -79 56 55 8 12 -90 -65 58 45 19 -94 13 60 4 47 -55 100 -9 -68 0 -51 49 -81 -99 91 60 86 33 -76 58 -98 86 73 -66 72 58 -17 -8 38 -98 98 -69 54 -89 -66 16 52 -60 -69 -61 -50 -18 56 -91 -75 -53 0 -10 -12 79 77 24 1 88 93 76 -98 74 32 34 51 44 -92 48 -73 92 96 
24 -87 1 15 -78 63 18 -20 54 13 59 -40 67 -47 -32 22 -70 -93 33 64 -61 -68 -11 4 -27 -48 -38 -87 -78 55 18 -4 11 46 7 72 99 -73 77 28 33 -52 30 95 60 62 50 21 21 83 -77 67 -99 79 49 -23 43 93 3 -36 -36 -62 -51 28 -57 -72 -86 -84 67 -59 -30 -68 -46 -65 100 12 55 -87 61 -82 68 -91 -65 -79 78 17 28 -51 46 -80 56 -11 -53 54 -84 -37 35 3 36 30 
46 86 -90 -25 -85 37 0 -1 -87 -74 -56 49 -13 85 17 -78 15 -36 74 -81 -90 -62 39 -51 -91 -75 9 38 43 71 38 -79 -46 97 89 -16 54 -55 -63 -76 -60 40 -7 -3 1 23 -47 -77 -18 -36 -72 4 74 27 -74 62 -61 73 -91 25 84 -53 -38 -12 -35 81 -80 -65 12 72 29 -25 -74 30 84 51 -13 -80 49 97 -33 -50 70 5 -87 47 99 7 -92 -73 -88 5 64 -2 96 100 -87 -78 16 79 
33 5 -83 -39 -69 -68 -35 69 -28 52 -65 -13 50 84 94 -20 16 97 43 42 -74 3 18 98 20 27 -46 41 -47 -50 -33 -2 3 25 74 91 77 41 -58 0 -92 -51 -29 -27 7 -93 -65 -44 -91 71 -96 81 -37 71 88 69 98 20 -78 69 3 -35 -29 -79 -37 -90 -16 93 62 -68 -98 -13 15 -71 19 59 97 -5 -18 21 66 -77 -70 35 -71 -87 41 -51 26 -94 -3 1 -8 -56 88 -49 -98 75 -5 -29 
48 -76 12 8 -87 -44 -55 -53 -45 -97 39 64 -35 -32 75 18 -95 41 -58 22 -78 31 45 -66 -56 6 28 -80 29 -49 -12 -93 -14 -53 -100 -22 -68 43 -56 -32 80 -31 -88 -43 47 8 -40 35 93 57 51 22 -93 71 14 -23 27 58 -77 99 -88 56 -98 10 -21 19 61 99 -91 -76 99 -77 46 78 -8 -90 -74 -64 70 -49 -73 93 -93 25 -11 59 -93 -60 -75 54 74 0 1 36 86 44 32 -53 -40 -31 
82 96 -5 90 -82 -31 -52 45 11 66 85 88 -79 79 -30 -80 70 1 21 61 72 80 29 -100 64 21 88 -85 -26 -19 -61 64 -62 61 -86 -9 38 7 -26 31 7 -73 19 93 13 -10 -60 41 78 -77 55 -89 -67 -12 -24 -71 90 14 24 -99 9 -40 51 -7 19 -18 -92 33 48 -98 10 -90 8 93 -61 27 -83 51 8 -14 33 37 -63 3 -9 -11 -21 75 -2 -64 -68 79 -45 7 71 93 92 -4 -69 41 
7 0 -82 45 -17 94 0 45 -71 -47 -15 96 -63 51 -71 -55 -39 62 78 -88 32 26 92 -69 -4 -90 29 -89 66 95 -65 41 52 -77 -34 1 -100 -3 -4 21 9 58 -68 35 -87 -72 -97 53 -85 -17 43 -53 -6 -52 53 70 -75 -50 81 0 -87 -71 14 -80 -83 40 -73 -45 -3 52 15 48 19 -50 68 -80 89 -88 78 -37 64 -52 9 -88 -46 42 2 -44 -72 30 44 20 -2 13 45 -15 16 -24 2 29 
65 -48 -78 25 -3 -87 -5 -52 18 65 -6 -42 -100 27 93 36 -46 23 93 -51 51 66 6 78 62 71 -93 -57 46 -22 70 -89 -38 -56 5 -96 -67 -52 88 62 -49 34 -95 76 71 15 -87 73 79 -97 -99 -36 -63 29 19 -57 -69 90 61 -98 47 -6 31 27 21 77 69 56 86 -24 -12 -65 13 -14 61 -5 -40 60 -28 -92 -12 12 5 -80 -20 -36 94 61 76 47 51 98 74 33 99 66 39 -91 29 95 
-51 48 -59 -77 24 -92 -99 -53 -90 -9 -50 81 -82 47 -35 -77 58 11 72 46 -88 -10 10 65 49 22 -16 -87 -37 87 98 -83 -52 10 -97 -56 18 23 0 51 83 53 70 4 3 -42 56 -93 63 19 -27 -16 68 30 -19 -28 -5 55 -56 -21 -59 92 91 -92 -34 85 94 47 79 76 61 88 53 -57 89 -97 10 27 -88 -47 87 -52 -60 -74 7 33 -8 0 -57 66 48 94 31 80 86 97 -28 -90 -36 30 
-29 3 -24 -27 9 -16 9 -33 19 -30 -49 -95 -6 80 52 34 -89 83 29 -33 -26 22 -50 -51 31 32 50 -47 -47 67 -93 29 -30 -81 78 -60 -96 78 13 53 0 -56 -91 -31 11 -10 94 -28 25 90 -92 -53 77 94 33 -18 -38 -1 21 -29 -6 -51 -35 34 23 56 55 -13 27 -51 -33 45 56 48 -20 62 52 37 62 -48 88 7 61 47 44 98 -17 -51 2 14 35 -1 57 -8 92 99 -86 -43 5 -69 
55 -86 -11 53 57 -12 27 15 -11 -55 98 -32 44 45 -97 -97 0 75 74 39 54 -46 1 -14 -69 -90 -98 -8 79 -44 -71 -5 -1 -18 -36 76 -96 94 -93 42 76 -63 42 36 -99 65 53 -41 -30 -75 -85 -51 -91 -40 -57 95 -2 -73 -18 -41 85 -36 -83 -79 85 64 -6 -95 87 17 -45 90 -3 -94 98 53 49 46 -59 72 5 -79 -33 15 34 65 -40 26 -28 0 -100 96 -54 37 17 80 6 84 70 -85 
-78 79 72 40 -63 -32 46 -58 -83 12 -55 27 74 95 4 44 -64 97 -93 72 -70 90 -16 21 44 46 67 29 -63 61 68 -17 91 -45 -52 -54 -31 92 18 -1 97 -78 96 -23 67 -79 -97 25 71 -16 -60 -95 -61 91 85 35 -49 -15 -61 42 -1 67 -13 26 52 -6 17 41 -87 97 13 24 -53 74 -3 -81 -56 84 -61 4 0 65 76 90 -83 45 51 -80 -48 39 -79 -24 90 62 96 35 57 -22 -79 -61 
23 -46 94 93 81 -42 47 77 73 2 -8 -93 -66 -32 -68 -27 100 55 41 56 60 -27 29 -69 -47 67 81 -61 31 5 -76 22 -46 85 36 -97 49 -87 1 25 -64 66 91 74 61 39 -32 61 -57 -67 -23 15 70 49 99 -63 -90 26 -74 80 26 86 100 16 -42 19 -11 -36 -76 -88 3 23 38 30 -92 56 -47 -41 -16 -58 -81 60 -34 4 73 45 73 62 -15 47 21 64 -100 -64 74 33 -59 15 -9 -55 
71 -32 59 -61 -43 -68 -16 43 40 -68 -24 -18 30 -53 22 -63 -38 68 -94 68 93 -43 75 40 -93 -19 -68 -70 -34 -44 7 34 -28 50 20 31 13 -93 36 -5 65 53 38 -26 -59 91 45 95 -92 79 -3 -82 -18 27 60 -19 6 68 34 41 24 -13 -13 -25 29 96 -38 -2 84 -72 -13 -99 -90 -33 -28 82 69 -65 20 5 -67 -73 79 89 -38 92 17 -14 -90 87 -56 34 57 -87 -39 60 -77 92 75 -100 
36 -31 -97 54 48 -79 -29 -81 -40 -63 92 -43 76 49 78 -82 24 -4 -27 49 62 75 -29 22 49 3 79 96 -8 34 55 -74 -90 -79 -88 46 -84 22 65 -23 -29 -63 -9 38 -92 -98 74 -44 41 -14 44 -74 -54 -37 33 -95 93 -41 -55 51 -24 -8 74 33 -88 86 -73 -88 52 -88 53 -61 -65 59 -92 -93 15 89 31 -48 -16 -52 59 4 65 -34 8 -44 -64 39 62 37 -75 59 86 -70 -35 -5 59 -81 
-15 -72 -15 13 -40 81 -21 75 -40 -82 55 -70 29 62 33 23 -53 51 -45 26 53 23 91 19 1 39 84 89 -66 -10 29 -14 -8 49 -30 31 -84 -87 -52 -2 98 -47 98 24 31 -15 37 8 29 51 -97 -58 79 85 4 -10 -49 -44 -96 79 -7 88 18 -24 60 72 55 42 56 61 -5 -4 -18 -32 67 26 -40 42 49 88 50 -76 14 -12 -45 91 16 -69 -71 -7 -87 5 89 53 9 49 -50 -61 96 8 
-27 -85 52 86 9 -62 -82 -98 88 -21 -90 55 46 27 -43 -8 71 29 -93 51 48 -83 58 25 67 -69 23 -58 -84 7 47 1 45 53 46 3 -19 -68 6 -36 -37 53 -44 85 33 90 4 52 4 -57 59 57 -56 100 34 -56 -95 -26 -37 -75 41 -39 -13 85 -36 12 -4 68 -31 65 32 51 -47 -64 6 4 58 -37 29 0 79 -51 -99 -31 0 -64 26 -98 3 79 -77 -22 48 43 -29 -94 -22 84 85 12 
-80 66 22 10 -70 77 94 67 -32 -70 -19 -14 -5 -6 -74 -34 97 75 -90 -28 64 -70 51 29 89 5 -82 -23 22 82 16 -79 68 -10 75 -9 -86 70 68 -67 -72 13 -53 -42 63 87 -76 -23 -60 -50 42 -26 7 31 81 -15 32 -94 49 -85 -100 2 64 -85 -42 26 61 64 -10 22 1 -42 84 33 34 -59 35 48 5 -55 -12 26 35 -90 97 22 -82 3 61 -19 -52 1 39 43 49 76 66 -49 -36 -55 
-48 -19 27 52 -78 7 -68 8 -88 -76 50 -69 -51 -64 -5 -49 -44 19 -81 1 10 -3 -15 19 94 87 -33 -42 -94 -31 27 -47 59 -46 22 -11 28 51 73 56 4 -88 28 -94 62 -84 72 79 6 83 -100 14 25 -15 -40 -38 33 79 16 -72 40 -37 -83 10 29 -73 -96 -21 61 -75 -35 -63 2 69 47 -55 -70 -80 76 82 -17 -72 -61 -16 -60 -69 9 97 -70 -91 85 79 -35 55 -64 33 8 74 61 -80 
-49 -76 40 -85 24 -3 -78 41 -93 56 1 99 56 87 -56 12 96 -69 -8 -21 58 48 -98 -7 -8 75 -66 -45 -70 -15 2 97 91 -50 49 63 -3 79 -61 -54 82 85 -79 -86 -81 -83 28 -44 69 -63 5 -20 90 -28 12 -4 -7 96 -77 82 -68 -98 -50 -95 70 97 92 -92 11 79 -3 -66 -18 -96 -16 35 -90 7 66 -8 4 -83 58 -67 10 -2 15 65 81 41 -45 61 -43 -27 100 -8 95 -49 -84 2 
-80 -1 -43 82 -10 31 -91 62 -47 -38 -31 -50 -15 -77 82 78 17 -86 11 54 8 68 59 92 33 -33 85 -2 -70 -5 45 -33 98 83 56 16 -57 -75 24 88 7 73 -48 89 63 7 89 -65 -19 -16 81 30 -65 37 98 -45 5 48 62 -19 -29 47 -22 97 55 -37 -9 36 -88 -6 42 91 -45 -51 -84 -89 -61 -14 38 41 0 -37 -48 74 -43 -70 92 3 76 43 55 -45 29 -95 62 -29 -33 71 51 -19 
77 75 97 93 -91 17 -43 13 43 30 78 -66 -84 81 -5 -82 56 53 17 72 26 56 16 -80 21 -56 -96 -14 -8 -76 -57 92 -1 90 -52 -55 -95 -90 67 73 95 52 35 41 -88 38 69 79 41 -10 33 92 -50 34 -10 -2 0 24 100 78 -57 -12 -23 33 -36 -1 73 46 43 33 72 97 93 11 26 59 -86 37 -94 56 -26 48 -8 -7 -76 87 -14 -85 46 -44 17 0 -87 -44 -91 85 -33 -17 -33 -75 
-42 -88 -50 -27 78 -69 -91 39 12 -46 61 18 -23 -50 1 -8 -98 -51 39 -86 78 100 -65 23 -27 1 -58 -86 15 31 -10 -98 -4 -91 53 -90 92 6 -73 -6 21 33 67 3 -69 73 -9 88 -96 -63 81 50 -95 40 88 98 -79 -77 9 85 2 73 -11 85 -61 -56 -93 12 21 14 -93 -13 -74 35 2 -97 55 71 -43 -81 -27 63 -52 74 34 -12 97 48 51 -45 38 -66 10 2 23 -54 -27 76 28 98 
-46 20 90 -12 -82 81 -82 -79 -93 32 -55 33 96 -71 -38 75 86 100 28 -45 35 70 4 54 -25 7 -29 -34 76 -31 88 42 -2 -67 -40 -20 79 66 21 79 -87 75 60 16 3 36 96 -34 -12 65 54 -95 21 -86 -71 -99 87 -40 34 -61 -47 -21 3 -28 1 -43 14 70 -55 3 -65 -24 5 -12 45 -55 -90 -13 -65 -65 80 28 -89 -8 95 -1 69 -60 39 -40 92 21 -47 79 -36 49 -98 -76 -70 38 
-83 16 68 50 -8 22 33 49 -52 -98 27 92 -26 -13 -24 -83 -40 32 49 -86 -67 79 -73 93 70 -72 -95 66 59 -23 28 100 -65 67 99 64 -67 61 -12 80 -15 77 -64 81 96 -40 -27 -85 -31 -11 -58 8 -44 -66 70 -69 39 -95 -98 -43 30 -6 7 -10 86 72 -49 19 -86 -100 57 -1 -4 16 39 -40 60 -52 4 21 96 -62 33 -53 36 -62 84 -88 27 -64 -58 80 0 76 -84 6 -17 -99 65 78 
51 80 -2 56 -39 99 -84 -19 20 93 -43 0 27 61 -47 -82 -39 -64 -80 -2 0 -7 -65 53 -35 6 2 -74 -75 33 58 -54 10 75 -98 47 -75 76 75 4 42 -59 32 22 27 84 82 88 -73 -38 -39 96 74 18 44 32 31 73 -77 89 20 65 -76 13 27 69 -30 -93 -13 -58 -66 -68 62 -98 -80 70 -46 54 73 52 65 -90 -19 87 -31 -81 -2 -46 -78 -4 -9 81 48 83 -75 77 80 98 69 11 
-21 -51 95 -65 -61 50 -80 88 94 -50 -37 53 -77 42 99 -15 -99 98 53 -1 45 -58 77 100 -18 -1 95 -72 -84 -91 -82 93 -76 92 -1 -19 48 84 71 5 83 70 -65 -82 -53 53 -1 -23 21 -42 100 95 26 87 -9 -82 -35 88 38 -39 -96 40 29 91 26 89 53 32 -54 1 22 33 27 -33 -80 60 13 58 76 9 -39 -97 57 53 -24 -29 25 40 -92 29 -69 43 15 71 30 -85 58 87 -92 9 
44 70 45 81 54 -56 -93 -20 93 63 28 -8 61 91 4 -96 39 -52 21 -28 81 10 97 68 25 60 73 -90 28 -12 71 47 86 -16 77 21 47 -55 -41 73 100 7 56 44 38 -61 -19 28 49 -44 82 -15 -39 77 -91 -63 -98 86 3 -7 4 -40 -89 -31 65 14 52 -79 1 -75 62 -60 27 -83 47 19 -97 -62 61 -37 -97 -70 21 -93 58 81 41 45 60 -47 48 22 -29 16 -65 92 44 -22 -80 85 
-78 -41 -90 -50 47 -67 -54 -41 19 -47 72 38 78 -40 25 67 -9 -28 -37 -50 63 43 51 -94 29 56 -64 2 58 55 -16 -11 38 87 -32 -90 28 31 11 -98 71 20 77 38 -91 -89 91 -1 -96 60 -59 41 -26 -33 25 -42 -53 -75 71 -5 -38 -99 64 -37 87 -25 -77 -76 -86 -11 65 -97 49 14 12 70 -37 14 -26 -99 83 -96 72 -97 63 -80 -89 -94 -91 -71 -36 2 42 60 8 86 -44 -67 6 47 
-53 -34 19 10 -74 -47 44 -36 -59 70 -55 -46 6 48 -17 -31 -29 -4 19 96 43 -28 -9 31 -50 53 -59 -96 -39 63 -48 -34 96 22 -62 77 -74 -49 83 -21 1 14 91 -39 -57 28 36 -80 10 -28 -39 12 -34 -51 -10 15 18 44 44 -76 -18 -11 -95 80 -71 -52 39 19 -13 54 -44 -53 3 32 44 -71 42 81 33 9 47 -43 -24 43 -77 78 65 87 -90 -5 -1 -90 81 58 43 29 82 -30 97 29 
31 59 48 -54 8 29 62 35 53 92 61 -36 27 -78 84 25 9 -90 90 4 -79 -48 27 6 -28 50 22 61 -13 66 -55 -45 -6 30 77 43 87 -67 85 18 -31 37 78 -72 -64 -94 -10 82 -86 -74 -32 -17 -38 -68 75 -88 26 56 -98 -37 -16 60 61 -87 -49 -23 83 9 85 51 100 -46 -37 62 82 -66 95 -22 -1 34 -50 85 34 -64 -20 -9 -37 52 -100 -64 -62 44 -22 15 19 28 -61 28 56 30 
-51 19 -68 35 57 -30 60 22 14 -87 -50 -6 -48 -74 -22 -79 -46 -35 -74 -23 81 70 73 -94 -48 77 -76 -30 -87 -99 86 -98 -53 40 90 -16 -84 -93 6 56 -71 -82 -100 -37 83 5 58 42 35 -93 -39 86 56 -22 -29 -76 22 70 -59 20 88 4 -51 -100 -51 -61 73 84 12 -35 -77 69 -76 -44 -83 -71 5 -61 45 79 77 -90 93 95 63 -44 81 5 60 -64 6 30 -100 91 -87 13 -64 -85 -71 -56 
0 -38 77 99 19 9 -21 84 -17 -73 88 92 68 -51 76 -28 87 -45 -30 -88 -80 -76 69 91 9 -96 -62 -72 52 -33 27 39 -88 1 16 -55 -81 71 -88 -26 7 -10 -4 -9 12 69 -75 66 -83 8 -80 100 26 -51 -39 40 57 -44 -91 41 -94 58 -1 9 -28 47 -53 80 32 -32 85 -94 -84 14 -37 23 17 11 45 -12 -42 17 -13 -70 -80 77 -62 -31 -22 -17 -61 -20 14 -20 -17 66 68 -44 -22 -5 
48 41 58 -50 -42 -15 -53 17 94 -81 -59 91 60 -56 74 -5 -89 76 -94 36 -23 20 8 55 -33 52 -46 48 5 54 -21 99 -10 -21 63 47 -21 31 3 22 -1 51 11 85 19 97 96 6 8 9 29 20 -7 36 55 96 100 18 -79 -4 -71 -78 66 87 4 23 -17 69 -39 8 60 18 42 -4 -91 75 40 -13 38 -15 -90 -40 42 -71 24 20 -38 -43 -96 7 -11 7 -68 16 -7 -44 50 -46 -75 11 
41 -33 -43 -73 -71 23 45 -87 -79 -44 28 42 14 -45 -69 -29 -100 -59 16 69 98 92 60 25 -65 -59 30 -19 -54 82 -28 79 -17 -93 -52 85 83 -57 -28 63 -44 -58 80 79 -85 45 -89 38 -16 6 -38 62 80 -11 32 -77 98 89 1 25 86 67 96 -83 -84 3 26 13 -63 32 -47 -81 -21 -73 0 7 34 -12 35 -15 0 -45 -55 -98 95 -79 19 94 83 -60 97 94 -49 62 48 41 60 66 34 47 
34 -52 -35 -42 -28 41 78 -63 -14 -10 -19 -15 50 31 -36 -88 -28 -37 68 -14 -46 8 2 -17 46 83 33 -82 50 -97 81 97 -3 -10 -93 -7 2 -75 19 83 -59 13 -24 -45 -24 -27 -48 94 15 24 67 -61 55 -50 86 -25 -45 61 -34 55 -61 -2 -33 14 32 -72 2 -6 95 57 21 40 64 -36 8 -67 2 -4 -25 -31 43 -60 13 -23 30 -19 -25 41 61 85 -63 -67 -88 61 100 -81 46 -97 24 38 
34 -39 60 86 66 3 97 -79 36 83 -30 -100 -70 -15 5 -81 98 -47 92 25 -39 84 7 -13 85 91 -33 -44 96 -91 76 -46 67 -37 -62 -77 -13 -16 -46 4 -2 44 -3 2 7 -28 -16 -27 -27 -97 17 56 7 94 67 -29 -65 -78 -17 -64 -42 68 27 94 32 97 18 48 -83 67 -80 73 -15 1 -36 -24 61 59 -97 64 0 53 -17 46 32 -6 -63 25 48 90 -76 29 90 -27 -89 -42 -64 -30 0 39 
-71 -29 -48 60 -74 -63 -98 -98 -87 50 43 -23 -93 -75 10 77 83 -97 -73 24 -1 -26 -61 9 -40 28 -69 -67 93 44 84 -18 62 48 -6 88 94 -18 2 -63 -41 40 -88 16 -76 -76 100 83 3 73 56 82 81 -9 42 -39 -7 49 -63 79 -8 -31 60 40 49 92 -71 7 71 29 -43 -38 74 64 91 94 -10 6 59 -47 -42 62 -67 52 -95 -72 -60 -32 -16 -10 44 1 36 63 36 83 38 -80 12 9 
-11 48 55 94 34 46 -42 -52 20 23 51 -53 -66 20 17 -43 29 -53 82 -40 -77 -91 55 -7 1 -95 52 18 23 -69 -50 -85 -44 37 17 52 18 -47 44 87 11 -44 25 60 99 82 63 -18 71 -26 -41 -72 -13 65 42 -7 -37 -71 -58 43 -36 -50 -8 -1 26 100 22 57 30 -92 56 -61 -71 -62 5 -79 79 -61 -27 8 87 -58 -80 32 -44 -56 9 -29 38 17 6 -92 -83 39 8 69 14 100 92 95 
-81 86 -80 -18 17 -32 -70 -58 47 -63 -59 -46 -66 63 39 -65 -38 -26 -9 -49 -26 93 -14 48 -22 -65 -16 72 40 20 39 98 100 -30 53 3 -4 44 66 -81 -61 92 57 46 -96 47 74 -52 1 99 -61 -57 11 22 -25 64 87 4 3 86 75 8 -81 28 -1 91 -69 37 39 42 88 -70 -84 73 -86 -56 73 87 36 -37 40 31 -99 51 -71 -71 -66 -10 -31 58 17 -34 -91 -77 -43 -40 27 -15 26 -53 
-79 72 47 -73 -57 8 91 18 18 -75 48 12 -39 39 23 89 89 33 -64 47 -51 99 38 -23 -16 -44 -27 -82 -3 21 -83 63 34 20 94 -7 -53 23 -50 94 -79 53 -72 37 -3 57 14 31 84 17 36 -74 32 -42 71 94 -57 80 -2 -79 -72 -90 -95 7 96 74 -57 80 -50 -29 19 -95 -59 48 54 -96 -36 13 -63 -41 17 10 -61 -26 -67 16 55 97 -62 -53 -75 -56 9 -21 -47 -70 21 -10 -29 -47 
24 -70 -13 91 67 -82 84 -75 -77 -53 48 79 -83 -29 53 -65 -60 47 -75 85 1 -94 7 -70 -54 4 -88 -100 63 48 54 47 94 99 -82 -7 46 23 68 -71 -42 37 17 55 -33 -88 -92 33 -11 -86 -59 -49 -85 59 27 -7 -3 -74 31 17 -32 -52 -44 -52 -12 10 87 27 -91 69 -43 -4 16 99 -12 -19 64 37 -74 -34 -15 -12 82 90 -47 -11 43 85 28 100 -93 77 -79 54 -55 -39 -5 -52 -58 87 
-5 12 -29 61 77 18 18 -37 16 -81 -24 -77 38 -45 -95 67 -71 -89 76 -32 -70 -53 83 39 -68 -21 60 4 5 45 49 80 21 -25 100 43 52 -55 29 -15 1 92 -51 40 55 -92 73 99 85 -61 -29 -89 32 77 73 -65 -100 -86 33 -88 29 25 -76 -100 -80 2 -5 -19 96 -38 -13 -50 -2 -95 19 -84 -97 70 -50 54 -73 5 43 -17 82 -92 79 -73 81 28 37 -68 79 57 -43 3 96 40 89 32 
-66 -55 92 32 32 -79 88 -1 -50 -20 71 31 -7 40 85 -87 14 -31 -73 -94 -52 44 21 56 -16 78 89 -47 85 90 -19 -30 -21 29 25 2 82 64 -17 43 95 15 -5 -30 79 54 37 25 44 -67 -52 -66 -80 -58 -58 22 62 52 -66 -96 57 -71 -38 -61 -59 -9 81 -20 -47 73 -45 81 -2 96 -3 -91 -36 -82 53 -80 66 8 44 78 37 -52 99 -70 19 -56 10 -55 -17 -100 -72 -77 73 -96 48 -40 
91 -75 -18 -14 -42 49 -59 -61 -3 -73 40 -4 11 -9 -14 83 79 98 72 86 87 -66 -8 -94 87 -96 -77 -15 100 74 100 23 6 22 61 35 -41 -78 -67 -100 70 59 -25 73 21 28 60 -39 -11 -62 -97 61 24 15 55 11 -62 100 -28 99 86 -67 23 -29 -28 -82 81 63 -25 67 -43 -81 52 7 97 87 -24 -54 -36 17 72 28 50 22 -36 -85 59 29 -52 -97 11 41 -2 -32 -92 -19 78 30 84 -86 
40 52 47 -2 -72 85 -32 -44 -78 -20 -50 -52 85 99 -12 -67 44 43 99 -12 -23 -87 -92 93 -26 -97 64 -45 -33 9 -29 75 42 42 76 -7 -99 29 -59 22 93 59 -19 37 74 -71 -61 -18 -81 93 77 22 36 78 33 -94 92 62 53 74 -54 -4 -44 79 -50 54 84 54 -61 -29 -72 97 -80 -13 -51 35 76 70 50 20 -96 27 -35 55 -32 50 -75 16 94 6 -71 -100 -5 -18 -95 -8 81 28 -11 75 
-85 43 -72 37 30 15 35 100 57 -44 12 73 99 88 6 65 95 -88 47 -82 -12 -17 52 -3 -24 46 52 15 23 -50 -67 -55 -21 31 -82 4 45 16 58 -97 27 21 14 -58 11 8 -33 -66 94 81 -38 -74 -26 74 -50 69 35 95 84 99 -6 -5 -9 -42 -60 56 28 50 -27 77 79 40 28 29 60 75 30 30 -3 64 -84 51 73 -45 87 41 57 1 -25 31 -90 28 -85 86 83 24 29 -55 -77 79 
-26 -40 46 -63 16 30 -80 68 -59 88 -61 62 62 -22 84 40 5 -66 80 42 30 -18 80 -17 -25 -65 -53 54 54 52 -27 56 26 -62 20 -1 0 -29 71 25 -8 -4 -32 100 20 40 93 -84 61 -83 7 99 14 53 35 -88 -35 -48 -13 21 -71 -17 -28 58 -90 4 74 -97 65 44 -90 42 -20 61 -53 23 53 -34 42 -68 90 15 61 -8 -2 -38 85 -47 -12 48 -47 -91 -42 39 -8 -76 57 67 -96 -28 
-88 55 59 52 -84 92 -9 -25 26 -39 -69 3 -98 -35 -80 -45 -77 -43 -2 -77 -2 98 -67 -95 -34 -58 -37 40 -72 49 73 -68 -5 -16 98 -92 20 -7 38 -27 68 -15 -75 94 10 99 1 81 -92 14 -73 53 -48 -46 -6 -84 -35 -86 94 -61 97 -97 -88 -5 11 -16 -41 88 -68 79 -68 11 -11 -92 81 19 -53 -67 -71 -60 -45 -17 22 32 -35 42 -61 -27 87 11 65 -92 51 17 -23 -76 -17 11 -82 66 
7 -79 93 -51 96 -13 -72 74 -98 50 -89 55 81 -87 88 -27 -81 76 -9 36 -42 -69 -47 71 21 -57 -16 77 60 -11 92 75 22 77 -33 -35 -92 -98 7 -25 -10 -32 46 39 -94 98 -21 -48 -86 98 34 -82 79 -58 -42 -66 -21 32 45 52 -14 80 -20 39 4 -98 17 40 91 -6 -77 87 12 0 86 75 17 14 72 -8 -99 -81 98 70 28 52 -10 -44 -1 15 -41 1 35 69 76 52 -32 68 60 46 
5 80 71 51 64 -14 -29 -16 65 -43 39 19 23 25 -50 89 86 -9 -63 81 -6 -51 -53 -3 -87 -83 31 -14 -100 -44 89 91 8 57 63 -25 39 0 -57 3 27 61 12 -4 -39 51 -63 -40 44 -94 -23 -88 50 -57 -49 -49 -71 -29 84 27 66 88 -56 -53 -57 -20 52 68 22 -53 -23 -18 15 14 89 -70 80 86 43 25 48 65 -5 -88 85 -34 -67 -99 63 41 79 -70 81 33 -82 -67 92 63 -56 -20 
-38 -84 99 -44 90 -97 -27 -24 -38 57 -30 42 74 6 39 86 -24 83 -16 -77 -78 -26 12 -100 22 -82 -91 -55 -11 50 5 -49 -21 -60 10 -92 56 -7 90 44 37 -37 -95 -97 43 -97 52 49 34 74 58 -20 -100 -98 0 27 -24 -8 76 9 -69 -4 -43 -73 -52 53 -79 6 -67 45 69 -99 27 58 -34 91 31 79 -63 -90 1 -73 -52 -76 60 2 14 2 51 71 -37 5 -29 85 -86 -3 -27 -8 -24 27 
-47 2 29 -10 -45 92 63 24 -12 -47 87 88 24 -33 -16 -71 -64 28 -28 -71 30 49 -32 24 -48 75 -25 -97 11 13 -53 81 75 -87 54 56 -22 99 -24 -5 -3 -45 -87 -46 -84 -30 9 -57 -82 -92 80 55 -59 -91 82 -28 -9 15 -8 -42 11 63 66 -41 3 -3 -55 -35 -18 -69 50 87 53 -88 -15 -20 -62 18 45 -46 77 -98 -9 63 69 -46 -72 8 -9 48 71 -78 10 63 9 66 37 88 -77 67 
