-21 92 12 -14 -75 33 -13 -51 59 -74 -37 -47 -24 -99 10 24 33 -96 -7 -60 79 17 -13 8 -67 -87 71 100 42 34 -98 -44 81 54 45 35 -65 30 -26 1 30 3 -83 -80 -18 2 59 -96 66 -10 
-66 39 -95 86 -57 -61 98 41 -41 -17 65 21 -68 71 -6 -88 -92 -72 -88 -38 -70 37 34 52 -76 79 -8 16 84 -22 -17 -8 77 -31 -52 -80 -72 83 33 -35 41 49 80 82 18 -56 45 -100 -70 -73 
11 15 -44 -97 95 -34 18 -20 -81 31 -25 -19 97 57 38 -91 -33 77 -31 30 79 -8 -7 98 40 55 -37 -23 -39 25 31 46 61 -23 -2 10 68 -24 78 -46 73 85 -81 -34 5 26 -29 83 61 68 
-75 28 -69 42 -64 94 60 -23 -28 48 1 -97 13 -18 9 0 18 79 -50 -47 89 64 29 -85 -61 48 -12 -11 75 8 100 76 47 27 -46 -86 -99 87 60 53 -22 -80 53 -61 -96 -76 -43 -81 -12 -77 
94 -29 14 -60 -20 -73 99 -70 -61 77 -29 -86 4 6 10 -43 -8 18 22 -61 52 17 -78 -48 35 -69 -47 79 -68 -14 -68 50 70 -75 -17 91 -45 29 -71 46 14 19 44 50 9 53 -12 89 39 -50 
-22 60 20 -13 -9 26 -83 -25 18 34 2 -9 67 4 70 29 78 68 64 98 -47 35 -95 98 45 -24 -26 95 -61 -17 -2 61 -1 75 -24 -46 -13 -63 28 15 -30 -66 25 -21 -65 14 -57 -80 -45 -19 
-87 91 -69 19 0 -29 100 5 -76 -35 -99 -78 35 30 28 -6 12 -97 58 91 23 -65 77 96 -77 11 30 1 -12 25 -2 92 -24 -49 18 84 -45 -41 16 -42 50 -31 89 -14 -68 -10 -61 -46 -3 -8 
-2 82 23 14 33 -10 -25 -69 36 30 -81 -37 -40 -69 -22 15 -65 -95 15 42 2 -63 72 29 16 -100 -79 95 7 -82 71 -80 -94 97 -56 -52 -4 -96 63 72 72 -71 85 -51 -24 30 -34 -91 57 32 
-27 -70 -84 30 71 -99 -58 33 33 17 41 89 37 68 61 -2 -99 -68 9 30 72 -1 -15 83 -27 77 8 -20 -25 -35 18 -11 -98 -92 71 49 47 24 -92 72 -44 96 22 -72 -27 53 96 35 55 98 
89 -85 49 18 -34 -17 93 39 -79 -34 -12 -15 -46 -10 -22 61 25 -3 -51 1 93 47 -5 72 77 -73 78 32 -22 -85 8 -63 46 71 -27 13 13 58 10 -89 82 43 -94 56 -42 -66 -31 11 87 -46 
-21 -6 -43 -34 -21 98 50 -43 18 42 -45 -75 3 -98 -99 -92 66 -36 15 38 8 -37 -70 -82 -36 25 68 -63 78 39 -76 -91 91 -92 2 -84 42 21 -72 37 -8 38 -10 -23 -27 -65 31 84 -95 30 
17 25 70 42 -25 24 21 14 28 -93 -73 65 -35 92 -70 -93 81 24 -15 -12 18 50 -18 73 -98 -78 -7 36 -85 -50 -77 -35 66 33 -17 -74 50 42 -46 73 88 -100 -73 -86 57 -11 84 14 35 97 
95 99 -65 90 -95 -8 -79 -43 -96 -56 -34 50 20 14 6 -81 87 -69 -42 -40 0 55 98 83 -68 2 72 5 -12 -77 -98 16 -48 82 81 -35 86 -31 58 14 93 -4 -84 -96 -93 -4 13 25 97 -13 
7 -26 -57 97 -72 40 85 -17 27 59 20 -99 63 99 61 22 29 2 -92 -29 42 -90 -54 -94 78 -87 -97 42 -91 81 82 -16 26 73 -5 80 -58 15 43 -21 -58 26 -7 9 -23 -76 -58 60 -14 26 
88 -12 -46 -96 -90 -68 -95 -63 -7 25 -64 65 -92 74 -36 -82 82 -88 -51 -40 -61 -43 66 19 22 -76 23 -11 64 -75 -59 -3 -11 0 2 -40 -63 -16 -36 40 64 -23 -19 -1 -19 99 -39 43 17 -1 
-51 -2 -78 48 55 -27 44 -18 28 67 62 -25 -7 -59 -72 -36 91 -4 28 -55 41 -16 -30 -28 -51 94 80 23 -31 93 25 24 78 41 -88 30 85 4 -4 39 39 -43 -62 51 -25 5 -64 76 33 -74 
-63 2 -49 -7 17 -92 -89 -28 7 -2 -6 -22 -15 89 53 29 56 -58 -85 -18 84 -7 6 37 -69 -86 6 6 39 63 -82 91 -69 -51 74 -29 -27 6 64 -54 -31 -27 -71 73 7 -10 -22 59 -34 96 
-27 15 -87 78 61 93 -16 35 -21 -14 -7 -97 92 26 -48 19 -70 66 32 -70 96 -66 -53 -58 51 -65 1 89 28 58 -27 43 -13 -11 62 14 -20 -43 90 55 -1 -50 77 60 -84 0 -77 97 83 48 
-95 -82 18 -37 62 80 -74 -87 -48 43 -77 0 44 30 -40 -18 -71 -13 -51 12 -14 74 -16 -36 -89 60 -77 -2 9 -50 -96 -53 68 20 -16 -6 -31 9 -12 -44 -67 -20 -18 -28 74 70 74 -83 17 38 
-30 -27 -13 -5 60 77 -29 -73 5 -69 6 37 -14 73 9 -4 -31 -83 79 29 14 -80 74 73 -49 43 58 19 31 11 87 5 47 74 -99 -29 36 -21 35 10 -21 54 11 -90 -78 43 -88 -63 98 3 
-55 96 -95 -73 54 -29 1 -39 89 75 57 32 39 -83 32 14 -64 -85 33 -18 -96 -39 27 6 -69 54 -65 0 40 -65 -31 -56 57 83 -80 -83 -93 -16 84 -13 -41 -21 -99 -80 -44 -99 84 -17 -45 2 
82 35 -51 88 32 57 57 -43 -80 -84 -47 -13 -16 3 -98 32 -11 -47 32 25 -48 81 22 -89 -25 -65 3 -10 44 -53 -13 -85 53 26 7 -56 68 -62 -41 -19 83 86 93 -70 13 87 4 48 31 -35 
72 46 -78 -70 52 96 34 97 35 88 90 86 34 -89 -25 21 -68 68 62 -79 17 -21 -14 31 -94 8 19 -15 -98 74 62 13 -3 -36 47 -77 69 -97 58 77 -51 5 30 60 75 69 -1 75 88 20 
-34 78 -34 84 -70 13 -9 -27 -21 83 11 11 8 -36 21 19 -89 73 -42 -34 -19 -2 47 -96 22 73 86 22 68 -26 49 32 91 -51 -81 71 -37 -55 35 -10 -21 -36 2 -34 -81 38 -31 -68 27 45 
36 -33 -26 -6 39 -55 -77 56 -56 72 -79 12 65 33 58 34 -74 -36 28 5 -17 -96 -28 4 25 -67 82 73 13 -57 -47 -49 2 92 0 80 -95 85 60 34 72 -66 13 -28 -55 97 -80 -32 18 33 
-22 26 -19 -7 -13 -3 -31 -11 29 38 -61 0 18 90 20 33 -73 -60 47 -100 60 30 68 -56 14 -88 -56 -100 2 27 -10 80 81 25 95 -67 -18 -27 67 96 -54 92 30 -49 97 66 56 -64 -37 58 
34 -12 99 83 67 44 67 58 79 -75 73 -76 21 -51 23 -20 -39 27 -96 -54 47 -37 97 -48 -35 74 29 -92 -82 -32 -37 -72 -3 39 -83 70 21 -6 1 -45 -29 -85 -13 47 -55 64 52 96 -56 23 
-83 30 -14 -61 -82 -24 61 -4 -75 22 -48 95 -84 13 94 52 -53 -59 58 60 -20 69 39 41 -17 85 -60 -5 -68 54 40 43 -57 38 -46 12 24 -87 -96 44 -46 -9 84 1 -68 90 -47 -60 -6 22 
93 98 30 97 90 -4 53 -63 58 -84 2 -6 -39 19 63 88 -2 17 -22 39 -59 16 -47 65 -42 99 -17 9 72 49 -99 71 -30 -56 90 -2 -16 77 74 40 83 50 39 87 86 76 12 -99 -72 50 
-16 28 88 -53 -53 -43 84 -49 -73 59 14 80 -39 -58 -41 32 -4 27 -51 -94 -24 -10 48 72 27 97 -55 78 79 72 -32 -72 -94 31 67 -2 36 -4 39 -58 -72 -25 93 82 -63 -55 -37 75 31 82 
55 -3 -45 11 20 -83 -68 62 67 -92 -4 94 -59 -73 77 -60 -5 55 -43 0 42 65 -78 -65 62 31 52 67 -48 -30 -87 -88 76 26 -85 -54 73 28 91 22 30 29 -75 33 -80 4 -28 -55 87 -24 
-82 -39 27 -93 36 -21 -29 -94 -50 -57 66 -57 94 -18 36 -79 33 -48 33 100 4 -10 -3 -5 93 -87 -1 80 -16 -89 8 -74 54 96 14 79 -20 -38 -54 -32 36 37 88 -59 -85 -72 16 78 -94 43 
-43 -17 58 13 -37 50 81 -58 51 18 -32 -63 7 57 -14 77 -21 -40 -45 -68 40 -71 56 -70 -59 -54 86 -5 -2 -92 -11 -31 -97 40 -33 -21 -38 78 49 -39 84 -31 -44 -32 -13 -21 -59 -69 -21 39 
-2 -45 92 -51 -73 51 41 -7 72 26 -56 -96 -67 27 -4 71 -13 -30 -100 -23 -23 89 -77 7 19 92 51 30 6 45 78 93 19 96 92 7 -55 60 24 89 53 -88 11 60 -33 80 22 -94 80 -100 
73 -75 52 74 -8 -47 -40 77 -20 41 -30 15 -52 46 82 -37 53 -32 -12 -11 52 12 -2 -1 -40 97 -28 98 81 82 21 -100 -17 -100 38 30 -25 -83 82 -16 34 -4 3 -89 -56 -97 -47 89 42 71 
21 35 36 -29 86 -100 -54 -19 -64 82 55 -36 -80 91 62 -42 3 77 75 -4 42 99 -78 -64 -65 -11 71 77 24 83 11 -86 7 94 -31 -27 -23 45 95 -75 78 70 -23 -59 -70 -77 -18 52 43 10 
20 -30 -19 26 -99 43 -36 -96 40 97 3 -84 32 -84 56 -70 -48 -13 -21 -80 -64 13 48 69 -19 100 53 -58 -69 70 -69 56 -36 -71 26 -54 -95 -88 42 94 74 37 42 -13 73 -11 39 14 -91 -85 
14 19 16 14 8 -43 4 -77 -80 66 -67 -1 50 66 -17 83 -55 91 49 7 -91 -57 -37 44 16 -76 -31 -8 81 11 -84 8 57 -7 -90 -77 11 -69 -56 66 9 7 -16 51 82 -18 34 54 -24 88 
14 60 -34 -21 -73 -25 3 -50 -72 -58 -100 59 52 -43 54 -40 -63 28 -31 -75 -54 65 -79 54 -41 91 -84 -82 -81 64 -87 31 58 -91 86 70 1 -58 96 38 -79 -37 -94 60 -81 -92 -33 77 66 -93 
-64 99 76 35 -17 -87 29 43 53 -36 -38 -39 -81 -21 -71 56 -50 88 31 -23 46 -71 28 14 -51 94 -48 56 70 -82 -4 64 25 -17 -9 -16 -97 -76 32 -76 -51 36 -57 84 43 -48 77 10 -65 54 
-61 -22 -78 92 -94 -37 38 52 -65 -55 -16 46 43 -20 98 96 35 47 97 72 -38 11 11 2 -14 43 -100 -77 17 1 -80 -18 52 38 16 -4 74 33 -54 72 -91 -64 75 -23 -43 -51 -51 0 44 61 
-72 -96 69 -91 -41 55 -61 73 50 29 3 -4 50 96 31 0 45 -9 -45 -58 -67 80 -40 -87 -90 61 45 -82 95 32 6 -29 81 23 -25 -77 55 -20 -27 -87 24 -100 -33 94 -28 -36 -30 32 -81 -14 
-24 14 -68 100 -3 -39 -75 -29 -96 -27 47 -24 -79 -74 -1 40 55 -90 29 48 -76 -48 -70 94 -67 95 0 -95 -17 76 -50 -96 85 73 6 10 36 -93 58 -19 -63 -32 30 19 3 80 -98 -98 1 1 
89 21 53 51 14 96 -94 5 -73 54 -60 -11 -5 42 74 41 53 -1 -89 48 -94 49 -55 47 -77 -76 -13 -61 -17 -94 -36 32 -85 -71 78 -73 82 -27 -22 -19 -34 77 -37 -49 -97 24 -51 23 -71 56 
-20 15 -20 -8 -14 -58 45 19 -97 -28 -32 -1 67 -18 -16 57 -28 89 -41 96 7 80 64 60 90 -74 83 77 49 67 -81 -36 -60 6 68 64 33 88 -27 -44 92 -46 51 29 57 9 31 12 27 -69 
-81 -8 21 53 66 85 26 88 81 -26 37 -55 -100 -27 -20 44 -68 24 64 -50 91 -69 -32 -25 -27 -26 8 -26 89 -38 -67 96 34 52 45 23 -100 -44 -100 38 -99 46 -67 -53 -57 39 90 15 -36 -9 
17 -84 83 41 -2 59 12 100 -56 -81 -49 16 96 -26 -75 20 -60 -7 1 -75 22 -1 49 57 14 95 95 88 27 57 29 -75 44 -78 25 79 -80 -7 22 69 -81 36 -79 -65 -73 -18 -72 -21 12 87 
21 -80 -54 97 28 -60 -65 78 91 -96 -45 -23 -93 29 3 -73 -38 1 50 96 96 61 52 -13 51 57 24 93 -27 65 87 -23 64 60 -100 51 36 -48 23 -16 -8 -39 -92 0 90 57 -64 -43 24 -24 
57 -40 -70 -35 75 19 -77 -81 -71 -18 95 -29 73 11 -49 -89 -54 -71 94 80 -99 47 -75 75 -9 -7 4 64 25 -55 5 38 14 60 40 8 -78 -84 -81 28 -45 -54 56 80 85 -32 8 70 -63 -48 
14 -9 89 -25 -63 -69 88 -83 -28 87 -76 79 76 56 84 2 -19 7 -41 -100 30 -23 -69 13 14 -94 34 -67 24 56 -27 -15 -34 -81 24 3 -44 60 -62 -80 -32 62 -63 66 -46 -68 -51 -44 -65 97 
